ObsId
24503
25118
25808
25809
25121
25122
23477
23478
23479
23480
26247
26289
22450
23581
23582
25527
27089
26613
26664
22481
23599
23600
25812
22582
22601
22966
24379
24382
24384
26454
23779
23794
23835
23837
24751
24752
25262
25367
25368
25369
26711
26714
26722
26791
27769
26858
22872
23842
24394
25976
27764
22303
24756
23407
24307
26458
23325
24341
24285
24288
26407
26551
26555
22445
22704
24265
24272
26645
28436
23062
25091
23613
24450
24451
24261
25907
25917
25920
25922
25926
25937
25941
25955
25963
25965
25967
25972
25362
25833
25398
25402
26730
28294
24300
24509
23856
23858
24741
24744
26102
26940
26941
3411
4418
12317
12318
630
635
637
1873
3759
4471
4484
4510
6423
7421
7425
7439
7446
7447
8904
9927
9931
10995
10996
11012
12331
12384
12385
12393
13653
14421
13654
14530
14540
14600
15624
15724
15725
16647
18756
16666
17249
17254
17255
17256
17257
17736
18898
18901
18902
20057
18928
20138
20163
22301
1007
1899
2676
7457
7458
9952
11025
12403
12404
14405
16687
2707
3422
11075
12442
12443
13724
13726
13727
13731
14454
13734
14630
15756
16561
16714
16744
16746
17559
17786
18988
19891
20830
20860
20936
20994
21080
21090
21205
22372
23472
23473
23474
23475
23476
23485
3662
732
735
1043
1047
1959
3835
4417
4425
4627
4628
4629
4630
4642
4659
4660
5191
5588
5589
5591
6293
6727
6729
7564
7570
7607
7643
9107
9135
10124
10875
10127
10910
10912
11250
12301
12619
12699
13737
13738
13739
13740
13741
13742
13743
13772
14445
14446
13781
13782
13791
14230
14341
14412
14435
14794
14807
14809
14816
16542
14886
15869
15986
16580
16601
16759
16769
16960
16961
18766
17455
17878
18802
19164
19294
19298
19304
20055
20279
20289
20291
20728
21322
22157
23185
21371
21372
22736
23314
23870
25049
25734
321
782
785
793
797
805
934
962
1587
2014
2015
2016
2018
2025
2032
2033
2035
2039
2040
2060
2061
2070
2071
2072
2073
2076
2078
2879
2934
2939
2940
2941
2949
3925
3926
3928
3929
3932
3933
3950
3951
4415
4687
4689
4724
4725
4726
4727
4728
4729
4730
4731
5300
4732
5309
5322
5323
4734
5340
6114
6115
4736
6152
6170
6175
4738
4739
4740
4741
5907
5908
6131
5911
5912
5913
5921
5922
5923
5929
5930
5931
6097
7069
7071
7073
7074
7075
7076
7077
7078
7079
7080
7081
7153
7154
8177
8181
8182
8190
9513
9514
9517
9527
9528
9532
9533
9544
9548
9549
9551
9552
9557
9558
9569
10528
10529
10530
10531
10534
10535
10540
10541
10542
10543
10544
10925
10545
11260
11261
11268
12095
11269
11270
11274
11310
11311
12951
12952
12953
13246
13247
13253
13255
12955
12956
12975
12976
12977
12989
12992
12993
12994
12995
12996
13202
13241
13248
14332
14342
13810
13811
13812
13813
13814
13815
13816
15496
15553
13817
13819
13820
13821
13822
14383
14384
14419
13829
14900
14903
14906
14926
14932
14935
15382
15383
15385
15386
15387
15388
15389
15390
17487
16030
16031
16302
16346
16347
16354
17019
17459
17462
18041
18047
18048
18050
19688
19991
18051
18817
19685
19992
18054
18875
19982
18455
18456
19307
20947
20013
20014
19332
19333
19438
19439
19440
19442
20342
20925
20348
21068
21069
21377
22061
22101
21383
23033
23034
21384
22970
23123
24884
22479
22480
22482
352
362
375
807
808
809
830
832
834
869
887
888
1590
1602
2097
2126
2127
2128
2130
2148
2194
1031
2959
2978
2979
2982
2984
3009
3013
3040
3041
3042
3043
3044
3718
3054
3103
3129
3130
3482
3138
3149
3150
3956
3965
3966
3968
3973
3974
3988
4007
4028
4029
4030
4054
4055
4130
5295
4812
4842
4867
4876
4877
4878
4879
4908
4913
4916
5606
5644
5645
5708
5709
5729
5733
5735
6792
6841
6843
6879
6880
6881
7370
6891
6903
6904
7302
7303
6911
8471
7684
7728
7770
7795
7796
7797
7798
7799
7800
8489
8490
7882
7886
9182
9217
9218
9275
10230
10244
10249
10303
10304
10313
10314
10317
10324
10379
12019
10382
10389
10390
10722
11390
11432
11433
11533
11568
11569
11570
11572
11574
11576
11577
11579
11588
11688
11689
12106
12119
11845
12712
12713
12748
12753
12808
12845
12846
12854
12855
13871
13906
13907
13926
13930
13947
13948
13949
13966
14381
13976
14958
14960
14962
14971
14984
14985
14987
15022
15618
15621
15023
16600
15037
15038
16322
15077
15619
15334
16034
16071
16081
16520
16521
16522
16087
16088
16092
16093
16110
17031
17664
17047
18826
17058
17067
17081
17082
17084
17091
17107
17116
17126
17127
17129
17130
17131
18747
17149
17150
17671
17151
18106
18121
18122
19973
18149
18177
18178
19783
19784
20009
18184
19959
19960
18185
18186
18187
19926
19987
19994
20045
20046
18190
18204
18346
20128
19464
19474
19496
20889
20891
20992
21036
19499
20065
19515
20794
19522
19531
19532
20078
19561
21046
19632
19633
19634
19635
19636
19637
21961
20397
20413
21960
20415
20443
21054
22165
22233
20496
20497
20498
21039
21047
21048
22077
22078
21429
21431
22684
21465
21481
21482
21483
21484
22905
22923
22924
22925
22926
22927
22929
23175
21509
22056
22523
23199
23162
22569
22589
23088
23243
23777
24739
504
512
514
516
546
547
548
326
890
894
895
896
898
900
903
909
915
920
926
927
1708
930
1653
1660
1662
1664
1666
2204
2207
2210
2213
2220
2221
2227
2452
2228
2229
3180
3185
3193
3194
3205
3207
3445
3208
4379
3213
3215
3216
3217
3220
3223
3227
3229
3232
3235
3239
3241
3289
3290
3291
4362
3460
3575
3592
4163
4179
4189
4190
4191
4192
4194
4195
4197
4198
4199
4200
4201
4203
4216
4936
4939
4940
4954
4955
5310
4960
4961
4964
4965
4968
4969
4972
4975
4977
4978
4979
4989
5002
5003
5005
5014
4970
5757
5759
5766
5788
5790
5793
5794
5796
6257
5807
5823
6356
6357
6358
7242
5825
5826
5827
5828
6186
7210
7212
5835
5836
5838
6100
6107
6109
6110
6111
6930
7289
6932
6936
6939
6940
6941
6942
6943
6945
6946
6947
6949
7321
7322
7901
7902
7903
8472
7904
7917
7922
7923
7925
7935
7940
9371
9375
9378
9398
9399
9400
9401
9402
9404
9406
9407
9408
9774
9423
9428
9616
10411
10412
10931
10445
10449
10452
10453
10454
10455
10456
10457
10458
10459
10461
12003
10462
10874
10463
10464
10468
10469
10470
10822
10918
10922
10477
10478
10479
10879
10914
10916
10917
10743
10748
10803
10805
11708
11731
12205
11733
11736
11750
11754
11755
11756
12202
12245
13120
12255
12256
13118
13119
12286
12306
12308
12878
12884
12885
12887
12888
12889
13215
12891
13510
12903
12904
12905
12906
12913
12914
12246
13138
12247
13020
13021
12886
13201
13390
13516
13984
14449
14450
13985
14358
14359
14356
14431
13993
14410
13994
14411
13995
14415
13996
15538
13999
14407
14005
14006
14009
14016
14026
14473
15614
15128
15132
15134
15136
15149
15150
15665
16321
15170
15175
15178
15179
15180
16585
16586
16587
16590
16592
16593
15186
16564
15187
15316
16125
16126
16129
16514
16515
16516
16130
16613
16223
16224
16225
16534
16607
16608
16609
16235
16238
16239
17595
17596
16281
16305
16306
17152
17674
17165
17494
17495
17168
17492
17172
17557
17568
17174
17191
17496
17583
17584
17563
17195
17196
17653
17666
17670
17199
17200
17201
17590
17591
18755
17214
17215
17218
18689
17220
17222
17223
17224
17225
17226
17227
17228
17230
17231
17232
17598
17599
17609
17610
17611
17612
17613
17614
17618
17619
17620
17621
17622
17623
17624
17625
17626
17627
17628
18877
19946
19972
17233
17473
17478
17608
17479
17632
18225
18231
18233
18781
18782
18783
18836
18838
18265
18266
18850
18271
18274
18275
18276
18761
18791
18793
18796
18797
19998
20010
20011
20028
20030
20038
18277
18278
19962
18281
18300
18460
18893
19935
20112
19569
19997
20007
19576
20980
20087
19752
20940
20941
21129
20539
20540
20542
20543
22126
22144
22163
22164
22166
22174
22176
22177
22195
20544
20929
21079
21081
20552
20554
20555
20556
20557
20559
20560
20561
20562
20912
20915
20916
21101
21130
21733
22029
22030
22097
22200
22225
22228
22236
22241
22263
22265
22678
22731
22733
22734
20570
20577
20579
20583
22120
22121
20585
20588
20589
20951
20952
20783
21540
21542
21543
22052
21544
21547
21558
21560
22105
22106
22107
23054
23239
24639
21563
21566
21568
21569
22636
22932
23332
24852
22646
23187
22648
22649
22930
23182
22650
22651
22652
23059
23214
22716
23122
22965
942
957
1671
2344
1697
1698
1699
2232
2233
2423
2234
2421
2241
2253
2254
3293
3388
3389
3408
3294
3390
3391
3409
4357
4365
3343
3344
3345
3346
3347
3348
5023
5024
5025
5026
5027
5028
5029
5030
5031
5841
5842
6210
6211
5843
5844
6212
6213
5845
5846
6214
6215
5847
5848
6216
6217
5849
5850
6218
6219
5851
6220
5853
5854
6222
6223
5886
5887
7021
7022
7023
7942
7943
7944
7945
7946
7947
7948
7995
7996
7997
8000
8001
8003
8005
8008
8009
8010
8011
8012
8013
8014
8015
8017
8018
8019
8020
8021
8022
8023
8024
8025
8026
8027
8032
9756
9759
8123
8124
9435
9453
9723
9725
9726
9842
9873
9876
9454
9455
9456
9457
9727
9729
9730
9733
9881
9459
9734
9735
9736
9737
9738
9739
9506
9507
9895
9896
10489
10495
11779
11785
11792
12288
12290
12293
12928
12936
15192
15213
15214
15215
15216
15217
15218
15219
15220
15221
15222
15223
15224
15225
15226
15227
15228
15229
15230
15231
15232
15233
15653
15235
15236
15238
15239
15240
15241
15242
15243
15244
15245
15246
15247
15248
15249
15250
15252
15253
15254
15255
15256
15257
15258
15259
15261
15262
16159
16160
16619
16169
16611
18681
17575
18748
20357
20358
20359
20361
20362
21650
21654
23015
24933
25062
25082
24259
25975
12315
12316
17709
1522
606
642
1866
1867
1872
1878
1881
1882
1886
2539
2548
2549
2561
2565
2579
3498
3499
3730
3744
4373
4374
4395
4396
3752
4472
4485
4497
5381
6122
6396
6412
6435
6436
6437
7417
7440
8584
10856
8902
8933
8936
8942
8944
9924
9925
10984
10986
11978
11979
11988
12134
10991
10992
11009
11010
11011
11016
12335
12336
12355
12391
12392
13649
13650
14436
14444
14566
14605
15718
17250
17251
17252
17735
20906
18926
18927
20882
19709
20150
20151
22326
79
650
953
955
2679
3777
3779
4528
4529
4531
4535
4536
4546
5438
7453
7460
7461
9955
11024
11029
11030
13675
15741
19013
19014
20122
20123
19015
20809
21272
21850
23108
2732
2735
2736
2737
2738
4577
6612
12414
12461
13439
14231
14663
14664
14665
15498
14666
14667
15500
14668
15501
14669
15502
14670
15503
14671
15504
14672
15505
14673
15506
14674
15747
16527
16528
15804
16745
16753
17862
18991
18997
20732
20792
20796
20202
20267
21675
21676
22375
118
766
776
777
1039
1041
1956
1957
1967
1990
1991
1992
2758
2762
2829
2831
2832
3829
3830
3847
3848
4421
3850
3870
3871
3876
4440
3904
3905
3907
3908
3918
4409
4613
4614
4615
5532
5549
7270
7271
5579
5587
6668
6669
6683
7241
7568
7569
7605
7635
7636
9087
9811
9097
9100
9810
10705
11096
11981
12211
11239
11828
11829
11830
12702
14340
13773
13795
15541
14808
14895
15808
15994
16000
16002
16003
16488
16957
17454
18669
18851
17881
17900
19686
17904
19925
18018
18019
19922
19923
20058
20074
18021
18034
19297
22006
21311
21316
21361
21362
21363
21365
21882
21883
21884
21886
21887
22687
23044
23317
22094
22841
22435
22442
22443
24635
24636
24637
24858
23282
22458
23193
22459
23283
22460
23552
21808
22809
24581
786
791
794
795
796
1562
1575
1730
2019
2023
2036
2037
2055
2056
2057
2058
2059
2066
2067
2069
2880
2882
4372
2923
2924
3930
3931
3947
3949
3954
3955
4690
4742
4746
5905
7263
7264
5910
5932
6376
6377
6378
6379
7402
6380
6381
6382
6383
7170
7171
6385
6387
6388
6389
7059
7248
7252
7061
7372
7063
7070
7155
7327
7156
8479
8172
8175
8196
8197
8198
8464
8465
8210
8211
8467
8468
8469
8470
9515
9516
9525
9526
9530
9531
9807
9547
9550
9554
9555
9570
10537
11797
10539
10720
10798
11252
11272
11273
11309
12153
12238
12239
12960
12991
13809
14529
14898
14899
14925
15384
16487
16012
16013
16014
16015
17412
16016
16028
16029
16301
16345
16348
17667
16350
16351
16352
16353
16970
17007
18440
17008
17009
17010
17011
17012
17013
17014
17463
18454
19325
19326
19327
20340
20341
22179
22187
20343
21375
22878
22911
22912
21379
22486
344
431
828
829
883
2129
2147
2188
2195
2196
2960
2968
2985
3011
3012
3090
4369
3419
3967
3969
4005
4062
4129
4156
4157
4159
4800
4813
4816
6392
5690
5691
6310
6313
6314
5693
5731
5734
6791
6830
7745
7823
7869
7877
7878
7881
9183
10233
10234
10305
10380
10799
11389
11530
12088
11532
11567
11575
11687
12241
12809
14221
14357
14222
15593
14223
14489
14490
14491
14492
14493
14494
14963
14972
14986
15039
15332
15493
16044
16623
16083
16084
16086
17059
17069
17080
17088
17089
17128
17132
18188
18684
18189
18726
18210
18708
18215
19456
19884
19498
19896
19505
19523
19560
19626
19627
19628
19629
19630
19631
19638
19639
19640
19641
19642
20372
21668
20393
20394
20395
20398
20414
20442
20470
21725
21726
21415
22728
22729
22730
22850
21418
21433
21877
21463
22843
21466
21999
22002
21506
22842
21507
23113
21702
22680
21703
22096
22542
22552
22857
22868
22869
22870
22585
24754
22616
22617
22975
22976
22619
23289
23808
492
520
551
889
902
904
905
908
911
913
914
918
922
929
430
1667
1669
2203
2223
2225
3183
3710
3184
3712
3202
3203
3204
3209
4289
3219
3228
3230
3233
3237
3242
3576
3577
3578
4168
4169
4170
4171
4172
4173
4174
4176
4177
4193
4196
4202
4215
5353
5359
4938
4945
6139
6145
4948
6146
4950
4951
4952
4953
4959
4962
4963
4967
4974
5250
4976
4984
4986
5356
5357
5358
5361
4987
4988
4992
5751
5752
5753
6292
6295
6296
5754
5755
7191
5760
5764
5783
5784
5785
7185
5799
5800
5801
6105
6106
6108
6934
7329
7190
6971
6973
6975
7367
7368
7895
7896
7914
8477
7916
7918
7919
8566
7920
7921
7924
7939
9792
9335
11799
9368
9372
9377
9382
9405
9424
9425
9426
9430
9897
10413
10460
10465
10802
11713
12036
11715
11716
12037
11717
12017
11718
11721
11729
11732
11737
13123
11741
11744
11977
12007
11752
11753
11758
11759
11868
12014
12091
11997
11714
12177
12178
12179
12182
12189
12244
12248
12258
12264
13117
12266
12879
13218
12880
13190
12882
13135
13136
13374
14348
13391
13392
13394
13442
13443
13444
13445
14333
13446
13447
14338
13448
13449
14343
13451
13452
14345
13454
14346
13456
14354
13458
13459
15578
13469
13471
13472
13473
13474
13476
13479
13480
14380
13482
13485
13488
13489
13490
13491
13492
13493
13494
13495
13497
13498
13500
13501
13502
13505
13506
13507
15266
13518
13989
13990
13991
13992
14010
14018
14022
14023
14024
14025
14361
14028
14236
13450
14347
13453
13455
13457
14390
15091
15093
15094
16366
16491
15113
15169
15173
16264
15174
16263
16572
15658
15181
15667
16120
16127
16524
16525
16526
16135
16136
16226
16227
16230
16231
16232
16233
17548
17549
16234
16236
16237
16523
17313
16303
16304
17536
16545
17490
17185
17198
18718
17202
17698
17203
17208
18353
17210
17499
18853
17503
17216
17217
17480
17481
17482
18757
18238
18240
18241
19697
18267
18457
18458
18610
18611
18818
20881
19565
19938
20854
20855
19580
19581
20630
20631
20634
20635
20797
19588
19590
19594
19596
19597
20629
20805
20806
20811
20817
19749
20129
19755
19763
20504
20530
22123
22124
20531
20534
20535
20633
20778
21131
21132
20787
21864
21865
21873
20851
21528
21957
21856
21857
22738
22739
22741
21539
21545
21546
21548
21549
21550
21551
21552
22953
23027
23051
22022
21562
21570
21571
21704
22073
21705
21706
23127
22643
23086
22888
23084
22645
22863
22864
22653
22654
22852
24630
22717
23342
23849
441
582
1672
2405
1694
1695
2239
2312
2313
2409
2252
2255
3355
5015
5016
5017
5018
5019
5020
5021
5022
6164
5038
5039
5885
7016
7017
8034
8035
8036
9717
8229
8591
8592
8593
8594
8595
8596
8597
9575
9578
9593
9596
9718
12043
12044
12055
12213
12045
12046
12048
12129
12135
12137
12138
12049
12051
12218
12219
12220
12222
12223
12052
12053
12054
12227
12230
12232
12233
12234
12198
12287
13024
13257
13124
13214
13519
13522
13525
14033
15193
16175
16177
16178
16180
16181
16182
16183
16184
16185
16188
16189
16190
16191
16450
16451
16453
16454
16455
16456
16457
16458
16459
16461
16462
16463
16620
16641
16644
17416
17535
17542
17552
17556
17573
17633
17677
18719
16192
16193
16194
16195
16196
16197
16198
16199
16201
16202
16203
16442
16443
16444
16445
16446
16448
16615
16616
16617
16621
16640
17312
17486
17545
17555
17561
17562
17602
17642
17660
18672
18750
17287
17288
17289
17290
17291
17292
17293
17294
17295
17296
17297
17298
17299
17300
17301
17302
17303
17304
17305
17306
17307
17308
17309
17310
17311
13478
