ObsId
25926
12317
12318
635
637
12385
12393
13654
14540
17249
18928
7457
9952
12403
12404
2707
11075
12443
13726
20860
21205
732
1959
9107
11250
12301
13737
13738
13739
13741
13742
13743
14230
16601
21371
23314
782
934
2060
2061
2071
2941
3926
3951
4415
4732
5309
5322
6114
4736
4738
4739
7073
7074
7075
7076
7077
7079
7081
7153
7154
9517
9528
9532
9533
9551
9552
9569
10534
10542
10543
10544
10545
11260
11261
12095
11269
12951
12952
13253
12955
12975
12976
12992
12994
13202
13241
14342
13810
13812
13813
13814
13815
13816
13817
13819
13820
13821
13822
14383
14384
13829
14926
18047
18048
19688
18054
19982
19332
887
888
2979
3013
3040
3041
3042
3043
3130
3966
3973
3974
4054
5644
5645
5708
6792
6880
7302
7684
7795
7797
7798
7799
7800
8489
8490
7886
9217
9218
10304
10324
11390
11579
11688
11689
12712
12713
13906
13907
13947
13948
13976
14984
14985
15022
15621
16600
16034
16087
16088
16092
16093
16110
17031
17058
17116
17127
17149
17151
18121
19987
20045
18204
19496
20794
21047
22078
22569
512
915
927
1708
1653
1660
1662
2207
2210
2227
2452
2228
3207
3445
3208
4379
3235
3239
4163
4192
4195
4198
4199
4936
4940
4954
4964
4969
4977
5003
4970
5794
5807
5826
5827
7212
6110
6930
7289
7917
7923
7940
9399
9407
9774
9423
10445
10461
10462
10469
10470
10822
10918
10477
10478
10479
10879
10743
12255
12256
12878
12884
12885
12888
12889
12903
12247
12886
14410
13994
13995
13996
15538
14407
14009
15149
15665
16321
15170
15180
15186
15187
16125
16223
16609
16235
17595
17596
16305
16306
17152
17674
17168
17492
17172
17557
17174
17195
17196
17666
17201
17218
17220
17619
17621
17473
18276
18793
20980
20589
20951
1671
2344
1698
2232
2233
2423
2234
2421
2241
2254
3293
3389
3408
3294
3390
3391
3409
4357
4365
5023
5024
5025
5026
5027
5028
5029
5030
5031
9455
9459
9738
9507
10489
12288
12290
15192
16159
16160
16169
17709
1866
1867
1872
1878
1881
1882
2539
2579
3498
3744
4373
4374
4395
4396
3752
4497
5381
6412
7417
10856
9924
11009
11010
11011
11016
12392
13649
14436
14566
17252
17735
18926
650
4528
4529
5438
7460
7461
9955
13675
15741
19014
20122
19015
2735
2736
2737
2738
17862
18997
21675
21676
1967
3847
3850
3904
3918
4613
7569
11829
16957
17900
19686
1562
2019
2023
3931
3949
4746
6376
6377
6378
6380
6381
6382
6383
6385
6387
6388
6389
11272
12238
12239
16012
16013
16014
17412
16028
16029
20343
21379
2195
2985
3419
4129
5690
6791
6830
7823
11389
11687
12241
12809
14972
16083
17069
17128
18210
19498
19505
21725
21466
22096
520
918
3184
3209
4289
3228
3237
3577
4193
4215
6145
4948
4950
4951
4952
4976
4984
5356
5357
5361
4987
5751
5752
5753
5754
7191
5785
7329
7367
7921
7924
9368
9382
9424
9425
9426
9430
9897
10413
11713
11715
12037
11718
11721
11741
11744
11752
11753
11758
11997
11714
12244
12879
12882
13374
14348
13442
13443
13445
14333
13447
14338
13448
13449
13451
13452
13454
14346
13456
13458
13459
15578
13469
13478
13485
13489
13491
13493
13498
13500
13506
14022
14023
14024
14025
14361
13450
14347
13453
13455
13457
15091
15093
15094
15169
15658
16120
16136
16226
16230
16231
16232
16233
17549
16234
16523
17313
16304
17490
17198
17203
17208
17480
18238
18240
18241
19581
20634
20635
19596
20811
20817
21550
21551
582
1672
1694
1695
2239
2312
2313
2409
2252
5015
5016
5017
5018
5019
5020
5021
5022
6164
5885
8034
8035
8036
9717
8592
8594
8595
8596
9575
9596
12043
12044
12055
12213
12045
12046
12048
12129
12135
12137
12049
12218
12223
12052
12053
12054
15193
16177
16178
16181
16182
16183
16188
16189
16190
16191
16450
16451
16453
16455
16458
16459
16461
16462
17535
17677
16192
16193
16196
16197
16202
16640
