ObsId
23779
23794
26858
25976
25926
26940
12317
12318
635
637
3759
7421
12385
12393
13653
13654
14540
17249
18901
18928
7457
7458
9952
11025
12403
12404
14405
2707
11075
12443
13726
14630
20830
20860
21080
21205
22372
732
735
1043
1959
5191
6729
7607
9107
10875
10910
11250
12301
12699
13737
13738
13739
13740
13741
13742
13743
14230
14807
14809
15986
16601
16961
17455
20055
21371
23314
25049
782
793
797
934
2025
2032
2039
2060
2061
2071
2072
2076
2940
2941
3926
3950
3951
4415
4724
4731
5300
4732
5309
5322
5340
6114
4736
4738
4739
4740
6097
7069
7073
7074
7075
7076
7077
7078
7079
7080
7081
7153
7154
8181
8182
8190
9517
9528
9532
9533
9544
9549
9551
9552
9569
10534
10541
10542
10543
10544
10545
11260
11261
12095
11269
11310
12951
12952
13253
12955
12975
12976
12977
12992
12994
12995
12996
13202
13241
13248
14332
14342
13810
13812
13813
13814
13815
13816
13817
13819
13820
13821
13822
14383
14384
13829
14926
18047
18048
18050
19688
19991
18054
19982
19307
20014
19332
21377
869
887
888
2128
2979
2984
3013
3040
3041
3042
3043
3130
3482
3966
3973
3974
4054
4908
5644
5645
5708
6792
6843
6879
6880
7302
7684
7770
7795
7796
7797
7798
7799
7800
8489
8490
7886
9217
9218
10303
10304
10324
11390
11579
11688
11689
12119
11845
12712
12713
13906
13907
13947
13948
13966
14381
13976
14984
14985
15022
15621
16600
15037
15077
16034
16087
16088
16092
16093
16110
17031
17058
17084
17116
17127
18747
17149
17151
18121
18177
18184
19987
20045
18204
18346
19496
20992
20794
19532
20078
20397
21047
22078
22684
22929
22569
512
516
548
900
915
927
1708
1653
1660
1662
1664
2204
2207
2210
2213
2227
2452
2228
2229
3207
3445
3208
4379
3229
3235
3239
3290
3592
4163
4179
4192
4195
4198
4199
4200
4936
4940
4954
4961
4964
4965
4969
4975
4977
5003
4970
5757
5790
5794
5807
5826
5827
6186
7212
6110
6930
7289
6936
7917
7922
7923
7940
9399
9407
9774
9423
10445
10461
10462
10874
10469
10470
10822
10918
10477
10478
10479
10879
10917
10743
12205
11736
11750
11755
11756
12255
12256
13119
12878
12884
12885
12888
12889
13510
12903
12247
12886
14410
13994
13995
13996
15538
13999
14407
14006
14009
15149
15665
16321
15170
15175
15180
15186
15187
16125
16130
16223
16534
16609
16235
16239
17595
17596
16305
16306
17152
17674
17165
17494
17168
17492
17172
17557
17174
17195
17196
17666
17670
17201
17218
18689
17220
17222
17223
17225
17226
17227
17228
17230
17231
17232
17598
17599
17609
17610
17611
17612
17613
17614
17618
17619
17620
17621
17623
17624
17625
17627
17628
17473
17478
18225
18838
18271
18276
18793
18797
20010
18460
19997
19576
20980
20940
20543
22176
21733
22241
20585
20589
20951
22932
22650
957
1671
2344
1698
2232
2233
2423
2234
2421
2241
2254
3293
3389
3408
3294
3390
3391
3409
4357
4365
5023
5024
5025
5026
5027
5028
5029
5030
5031
5854
9454
9455
9456
9730
9733
9881
9459
9738
9506
9507
9896
10489
12288
12290
15192
15223
15227
15262
16159
16160
16169
25062
17709
606
1866
1867
1872
1878
1881
1882
2539
2561
2579
3498
3744
4373
4374
4395
4396
3752
4497
5381
6412
7417
10856
9924
10984
10991
10992
11009
11010
11011
11016
12355
12392
13649
14436
14566
17252
17735
18926
650
3777
4528
4529
4536
5438
7460
7461
9955
13675
15741
19014
20122
19015
21272
2735
2736
2737
2738
13439
14231
15747
16753
17862
18991
18997
20202
20267
21675
21676
1967
1991
1992
3847
3850
3870
4440
3904
3907
3908
3918
4613
7569
9100
9810
11829
11830
14340
14808
16957
17900
19686
18019
19923
21365
21887
23044
794
796
1562
2019
2023
2066
2067
4372
3930
3931
3947
3949
4742
4746
5910
6376
6377
6378
6379
6380
6381
6382
6383
6385
6387
6388
6389
7061
7063
8175
9530
9531
9550
9554
10798
11252
11272
11309
12238
12239
12960
13809
14899
15384
16012
16013
16014
17412
16028
16029
18440
20341
22187
20343
21379
2195
2196
2985
3011
3419
4129
4156
4157
4800
5690
5693
6791
6830
7823
11389
11530
12088
11567
11687
12241
12809
14223
14972
15039
16044
16083
16084
17069
17128
18189
18210
19498
19505
21668
20395
21725
22728
21418
21463
22843
21466
22842
22096
520
889
914
918
2225
3184
3209
4289
3219
3228
3237
3577
4193
4196
4215
4938
4945
6139
6145
4948
4950
4951
4952
4974
4976
4984
5356
5357
5361
4987
4988
5751
5752
5753
5754
7191
5785
6934
7329
7190
7367
7919
7921
7924
11799
9368
9382
9424
9425
9426
9430
9897
10413
11713
11715
12037
11718
11721
11737
13123
11741
11744
11752
11753
11758
11759
12014
11997
11714
12177
12179
12182
12244
12258
12879
12882
13374
14348
13442
13443
13445
14333
13446
13447
14338
13448
13449
13451
13452
13454
14346
13456
13458
13459
15578
13469
13471
13473
13474
13478
13479
13485
13489
13491
13493
13495
13498
13500
13505
13506
14022
14023
14024
14025
14361
13450
14347
13453
13455
13457
15091
15093
15094
15169
15658
15667
16120
16135
16136
16226
16230
16231
16232
16233
17549
16234
16523
17313
16304
16545
17490
17198
18718
17202
17203
17208
18353
17217
17480
17482
18757
18238
18240
18241
18458
19938
19581
20631
20634
20635
19596
20629
20805
20811
20817
20129
21549
21550
21551
21552
23027
441
582
1672
2405
1694
1695
2239
2312
2313
2409
2252
2255
5015
5016
5017
5018
5019
5020
5021
5022
6164
5885
8034
8035
8036
9717
8592
8594
8595
8596
8597
9575
9596
12043
12044
12055
12213
12045
12046
12048
12129
12135
12137
12049
12051
12218
12223
12052
12053
12054
12227
13024
13124
14033
15193
16175
16177
16178
16181
16182
16183
16184
16188
16189
16190
16191
16450
16451
16453
16455
16458
16459
16461
16462
16463
17416
17535
17677
16192
16193
16196
16197
16201
16202
16617
16640
17555
17561
17602
17303
17306
17307
17309
