ObsId RA DEC THETA POS_ERR SIGNIFICANCE
25809 187.68998070038856 41.162108490795084 0.1637101614051223 0.09948238903741695 16.18473243713379
23477 202.41434487443652 47.21230856831212 0.4433721655248347 0.06645078868664885 36.995849609375
23477 202.4164961354718 47.21040069286072 0.5723690787274577 0.08951112374717889 28.203481674194336
23479 202.51760123469967 47.22244730606814 4.886751920323739 0.33800077624109487 11.043736457824707
23479 202.41628674426923 47.21015695096837 2.043127879570706 0.07013071188250435 57.67522430419922
22481 56.63677775024114 68.06574263759163 1.507230712965603 0.06159577803325162 76.92709350585938
24307 68.80738052470826 20.133456595284063 0.0820308847121708 0.03468517816336284 132.10743713378906
24451 237.53937641803586 -78.14828140398747 2.073533993366893 0.11676062898092049 11.7368803024292
4418 132.72566814533909 18.52129341059005 4.4305628142055 0.22903326626492068 16.58043098449707
12317 191.86629127839916 -2.1568809851102073 0.640331766174319 0.060769189099262676 33.19414138793945
635 246.91221778940647 -24.672350038225943 7.551974146940368 0.15832031317536296 85.25835418701172
635 246.86674810941201 -24.65933077846842 5.587595551524657 0.017584904076087638 1074.9595947265625
635 246.86033020859165 -24.656433189624366 5.294634774971216 0.08134270131302454 76.81267547607422
635 246.81440886642326 -24.444509008669254 7.789956307755419 0.12238526567296847 134.460693359375
635 246.5935411772677 -24.381389778187213 17.16034451805078 0.24452987500549184 139.50697326660156
635 246.7389225643041 -24.594092229970094 4.898983437986688 0.23150542686222664 9.515366554260254
635 246.86277346377747 -24.53831363737394 2.933757543031453 0.03032684875721539 315.59600830078125
635 246.86221155825044 -24.680795776560288 6.711100806398803 0.05270374166956951 311.5278015136719
635 246.76892016495114 -24.454254363542 7.825277426351826 0.3650419120202712 16.335063934326172
635 246.79641714614945 -24.67957530991538 6.540585850118776 0.2811102719261497 27.00926399230957
637 246.66861815713546 -24.45401915402044 4.144764902310921 0.10542355726308542 52.327518463134766
637 246.60018452904663 -24.413389468964983 3.001503653572425 0.01929227061330983 484.9203186035156
637 246.61434496666567 -24.40499334499369 2.079244965675024 0.10797012148359901 10.457764625549316
637 246.77485356448054 -24.438478406537044 7.603971749865671 0.3009502641313278 31.981027603149414
637 246.5982934612709 -24.411009805796702 3.022034210110381 0.03639763448896072 121.35321044921875
637 246.76900700639217 -24.45428679984923 7.755212574239395 0.06981823700641188 328.71099853515625
637 246.76242179264815 -24.437513116478012 6.96189387028048 0.5231208137729013 9.024821281433105
7439 296.1168204003397 50.58232209391655 4.635041326474016 0.26624732613107654 12.856217384338379
7446 245.91750399798724 -26.490603768894346 3.631624339253428 0.13670139304183332 24.02637481689453
7446 245.96948522655478 -26.49739894342448 5.267058780681189 0.4270537708277386 8.815439224243164
10995 224.15790044501944 -28.166017652117436 0.1826417600008964 0.02832378798159719 137.62893676757812
11012 237.36079088979608 -26.118918896820464 6.816419110818998 0.3295021826366493 17.799226760864258
12331 245.6251065221226 -24.189842256728898 6.226839442367099 0.057732927749192545 365.355224609375
15724 229.85674754211777 -7.722518002868019 0.4583874287638498 0.04096576281160897 113.2994155883789
16666 286.76036654373075 40.23648236309624 3.992078333178958 0.22461652238681323 6.990019798278809
17249 246.6785314654053 -24.34186812214503 3.805527516470809 0.023802983137335827 552.2943115234375
17249 246.76256086805472 -24.437694132436043 6.307596841106472 0.32510981928218 19.812671661376953
17249 246.57866047708194 -24.47237079366589 5.935028395933473 0.06523259545558743 235.8979949951172
17249 246.6271766985138 -24.382711987502585 1.852668944107992 0.07105601057165666 59.15084457397461
17249 246.6686621999425 -24.454228880669433 3.271441337274822 0.06200140324260261 94.13499450683594
17249 246.59258750735626 -24.413568185917054 3.448008566051439 0.14963141045379658 20.2847900390625
17254 130.0173212974653 19.413915632255588 7.524082423051322 0.47970293086110993 20.838787078857422
17255 130.0171147366512 19.41379675542566 7.562179095318076 0.3698186221439048 23.214588165283203
17255 129.97131696583753 19.401023213190598 7.510966781401115 0.5046127042054466 15.38117790222168
17256 129.88230469378874 19.404797792188788 8.261887270657637 0.4982986560360617 18.58429527282715
17257 129.88199785779966 19.4047277834173 8.186870050142247 0.6198300615852463 17.35457420349121
17257 129.93043281086557 19.418917122885635 6.364283842080046 0.34872493519902176 16.913766860961914
18928 33.71962885971864 89.21442505195623 4.770022349265849 0.26377808127277136 13.586315155029297
20163 247.57462552426423 -12.668623107909672 0.07606007162875467 0.04326715797216267 95.1097183227539
7458 246.7784258922126 -25.96469478132438 4.945701634655764 0.2840239761720177 15.419992446899414
16687 122.938479421345 2.296045620458245 8.434655368115786 0.45382774023246597 24.98067855834961
13726 201.67080187308682 -47.400510598825306 4.963497575843303 0.19840355302125254 22.191082000732422
13734 256.3571175047999 -22.73912624935174 4.019624719385348 0.1968013690578505 12.812308311462402
23472 202.4723991958659 47.178477417705224 2.121509730114828 0.07718690588174662 52.749969482421875
23472 202.50436403346774 47.228810327134276 1.846139760021037 0.03811515405104951 126.8359603881836
23473 202.44238071494735 47.17836591106324 3.789275613497061 0.18949231174343514 15.362924575805664
23474 202.44263408278374 47.17803718164988 3.99892642362802 0.25087176006874473 3.818098545074463
23476 202.4723586019302 47.17869418078824 3.90695484134567 0.22231207963115326 13.081918716430664
4630 114.14233379346594 65.64858006538797 4.885935383638153 0.10409645862953837 100.23136138916016
4659 171.87489862949866 56.88045517755778 0.5585736178382941 0.049528813771317 33.07929229736328
6293 246.24032301428142 -27.57024683617153 3.408457556977265 0.13343989217913366 25.924087524414062
7607 171.88603809117976 56.88492190784222 0.2206871458339324 0.12673615314387285 6.942936420440674
10875 187.06527190133343 44.0936031982952 1.509790211787304 0.10645639614663696 11.49653148651123
10875 187.04671478807748 44.11074048161843 0.2558550447799051 0.018331681798992805 182.7206268310547
10127 120.51749216308927 0.9864596403545897 10.68656573949978 0.3773142285012709 33.11894989013672
10127 120.52776747953311 0.8019545291227492 0.5294986735196175 0.07805459569966955 10.926106452941895
12301 148.786765393384 68.95618697381816 3.954106349311388 0.17625130180136692 20.312955856323242
12301 148.88870097241772 68.96562726990831 3.233812968080242 0.21192974956328775 7.097710609436035
782 67.70054452798044 64.84738131633362 1.255696225567594 0.013803253472076565 271.81329345703125
782 67.83772094825066 64.84154235953292 2.917828805557602 0.12135755825502809 15.828291893005371
782 67.68691833684379 64.8796771303679 3.16746777060362 0.18333346469948614 10.71496868133545
782 67.48962970846213 64.75738634889804 7.452941405182817 0.4196340940635256 15.857075691223145
934 210.8748467254815 54.37466060898801 3.287363375990512 0.05014056356066287 97.49684143066406
934 210.9638428944061 54.313623004086736 7.125265159452307 0.35230423008149253 18.275999069213867
962 201.28112729971804 -43.06936601859383 5.384891896035262 0.03877597964850024 364.0096740722656
1587 161.94991084004016 12.579324386510152 1.594325101900225 0.09290022278111444 22.163742065429688
2015 186.15924798381576 7.351942012555944 4.421345104200796 0.14886448248746398 30.479211807250977
2025 167.86794009301224 55.672527887945414 2.408370914030117 0.09718248253236364 19.887924194335938
2941 195.3415993364854 27.83795735540841 3.269501717558359 0.0916554254883783 15.355380058288574
2949 200.55264651088407 -36.74750019691603 7.227538949934647 0.8674688658728299 7.001106262207031
3951 170.32905864465852 53.06505671145803 4.771727748901553 0.3344296343872334 13.903656005859375
4725 187.7017490047603 41.60123402474253 3.366820961190281 0.14679071902403262 21.595563888549805
4725 187.62625478972737 41.64812506671912 2.019625749392728 0.034568814327809345 108.31376647949219
4726 187.62638986287914 41.6480592803345 2.356263712813078 0.09083076923061785 22.95244026184082
4732 210.900068867643 54.32355254894945 6.246087321360051 0.16469487695694762 49.7792854309082
4732 210.62459428585458 54.35522432771228 4.611885629035505 0.03466073831736588 542.8106689453125
5322 210.89991841556554 54.32349787981536 6.147832368936966 0.19504000984988498 41.82636260986328
6114 210.80950675151803 54.30171415398854 1.29608960044437 0.075497093324436 19.84343147277832
6114 210.9000438452397 54.32352379334238 2.137878921882784 0.03789618438633455 89.53699493408203
4736 210.9001494438386 54.323517999332786 1.799955879157188 0.03528345256562594 104.3968505859375
6170 210.90008667153964 54.32360491615272 3.029396114373367 0.08229486134950438 46.405494689941406
7069 56.61430962707143 68.06964363567636 4.286870498540711 0.06901744957773923 104.44119262695312
7073 161.90915343982198 12.55214186609823 4.358560884557099 0.06062595325828832 129.22633361816406
7080 184.79840955558012 29.20026681737885 12.11540350414988 0.19459518600961356 104.51766204833984
9533 189.93843412099602 -11.646983570415117 5.554059544307791 0.02867368555388176 489.5903625488281
9548 170.0728807666797 12.971882783463144 1.275244482347003 0.03867481038766052 60.85281753540039
9548 170.07285995822093 12.94557704837361 2.748958998196746 0.0936930602063756 34.813289642333984
10542 149.25050213067678 69.57207114562992 9.856690658907942 0.1585289123309633 112.18182373046875
11310 182.79935688634583 50.49869583140214 4.870764748594534 0.28268601477149324 15.811626434326172
12951 225.31366365505602 1.7972846638533255 3.674619841783884 0.1857633784395902 16.626035690307617
12953 225.33860907729942 1.7712649618248877 3.498682993915041 0.14729140408089855 24.06338119506836
12993 204.25678136580058 -29.85793457449421 1.484907679754533 0.04595244915461907 41.099273681640625
12994 204.31021575232563 -29.863562730392978 1.735850066809535 0.04559222019901639 43.292755126953125
12995 204.25681349875035 -29.857809624742984 1.44570091613265 0.02513234119515391 106.4969711303711
13202 204.19090914845327 -29.830589664397138 3.822626484949254 0.1851827077294471 11.001904487609863
13812 202.44213962528724 47.178456250271985 2.33488614301698 0.01897483354287128 323.5163879394531
13813 202.44220947124563 47.17843997828299 2.361460574601052 0.02039934090027542 252.84051513671875
13813 202.41666435363896 47.21028981668627 3.873702558092737 0.027690711802391396 309.9554748535156
13813 202.51805228694306 47.22248621151024 2.686831339853229 0.06964608662906359 16.291053771972656
13814 202.44226084434757 47.178419787084515 2.660455633416397 0.027601785280353886 164.49539184570312
13814 202.51804244499994 47.2224565077367 2.582838841281595 0.019676885511017945 270.2528381347656
13814 202.41666526366726 47.21026094683014 4.122419269674158 0.0350563230367367 251.93121337890625
13814 202.43703183138075 47.19020046780331 2.935980579336284 0.07185647432250555 27.624723434448242
13815 202.43049778359074 47.19304040149377 3.250570012974132 0.04444503589362041 133.271728515625
13816 202.5187368221136 47.16374175636814 1.092774767893339 0.07447231551669138 29.159337997436523
15553 202.51870805330043 47.163741484185344 1.142758503919099 0.11983795643476851 10.793578147888184
15553 202.5178954776315 47.22245189378343 2.391848443939574 0.05541437692653129 77.69123077392578
13822 151.38433192912623 -7.614265455492789 7.863090499023047 0.4422200523117927 6.63227653503418
19333 149.11732467373605 28.856600828856692 4.323906321911604 0.13719317004696108 52.751651763916016
19439 236.4555715428686 9.029346236631623 3.952241444151617 0.19496032076307637 19.236007690429688
20925 127.1163658084565 -6.93387755284346 4.779130234546616 0.42534041522215826 3.658029317855835
21384 148.93200457755 69.28251437156032 7.27789263981317 0.5593822376558247 7.916207313537598
22482 56.84520954079638 68.1499521740506 6.281404216049977 0.3237509896505787 16.089290618896484
22482 56.61407838261979 68.06966386004576 5.069305905413263 0.1321958029573776 55.88472366333008
830 280.2397805988874 79.93174389751506 7.919699317165708 0.37546929413834107 33.53349304199219
2194 315.8045171480411 76.61342014142292 5.277373318412097 0.41313167906363224 9.584153175354004
3009 3.6592046544339913 79.22682930123182 5.794228762004968 0.5236456053478991 10.084880828857422
3013 170.78498744499214 1.6453991785099755 3.553632798346576 0.19139538950024002 11.38365650177002
3130 216.4463633020848 35.665163615492865 4.23125395136365 0.0807324833889455 72.92823791503906
3482 216.4463230240096 35.66523287981392 4.508939514929232 0.059283761057501855 122.75537109375
3956 146.48588589041086 -14.405112416451535 4.121120238175615 0.1890326780437892 25.248308181762695
8490 201.24334997451078 -43.04058362089512 3.782233480541346 0.18944898660358345 9.574898719787598
8490 201.4437514172914 -43.1606218936261 8.152011791795312 0.2369697493048672 48.01696014404297
10304 241.60835353446424 -0.032878086023054864 4.097426956615554 0.2421464875562981 10.367191314697266
11390 201.86078308010119 -42.61085105533608 3.769425339289945 0.18073727637334572 12.667719841003418
12753 143.74161796446805 17.10397233805424 4.110895065916529 0.11159930331042422 58.03733825683594
16093 233.73480744808168 23.468395083131767 2.197180864536183 0.16527628384004028 9.558987617492676
20794 201.41881511522328 -43.0208829058858 2.39034338361573 0.041626633737529714 67.92098236083984
20794 201.23400769693106 -43.04999046162684 6.060690995219363 0.2654194082536676 15.759751319885254
21047 162.15128502042435 -25.161294090963526 2.999073936293094 0.13926728977083727 16.065271377563477
326 237.50393480331127 21.40678393409361 3.508022102078979 0.15832683176280465 12.742596626281738
898 175.22772778200286 -26.49110536732329 2.109758522880954 0.054029889086026066 29.803226470947266
900 230.4653878821838 7.780807089814344 2.041739805199698 0.05794123023324799 33.04140090942383
2207 234.99141858977956 66.23065992724318 5.084760677896753 0.2592833764152984 15.3465576171875
2227 137.69049839050024 54.339231613670314 0.999242287255665 0.10285518420997392 25.924474716186523
2227 137.57274527933558 54.29957230371072 3.778187014138317 0.0915531660324986 53.67536163330078
3207 211.70661756358672 34.28435118657205 4.623749012653593 0.3047819876566245 6.565305709838867
3241 244.99537571054302 29.389175929613113 7.377253658050764 0.5401348729136654 21.480506896972656
4197 115.29814913870283 74.24730440974102 2.453699837875202 0.031455311715228404 174.09738159179688
4199 109.10823293996742 47.13092292120017 4.072751539716783 0.17034688529794384 28.862590789794922
4972 254.44286953364386 27.840541946234424 3.90861983609468 0.08564411211821936 46.287906646728516
5807 229.1188130296488 7.04492770442401 4.100849492759992 0.08477520470781887 28.12461280822754
6932 241.13862497260806 43.0608106552112 7.148499628751503 0.22750110225580475 31.03900718688965
6942 155.515809695247 38.555977464774706 2.298326130893723 0.10364596088210178 19.939956665039062
6945 172.79773116714125 36.623418870089836 14.26705768990318 0.35690872861273876 54.858543395996094
8472 252.15123616667918 60.23734662242283 4.034660643316634 0.14785112775616993 20.200973510742188
10411 263.82534129882345 64.06276202228851 4.608136346441023 0.16829410668164863 22.603361129760742
10453 216.61302021972494 33.755769035450555 5.985260047683133 0.36155013910434 10.320574760437012
10461 219.66384391054498 34.22783550902546 5.516428711392384 0.37837659304951865 12.155092239379883
10822 115.29849539054528 74.24718197646504 3.432047602680043 0.09511735376529717 34.68954849243164
11756 159.6283192839192 48.78751256633007 3.522617735281789 0.07425462968061441 75.8042984008789
11756 159.83922512999973 48.79985222022085 6.986752291808611 0.04693775361585693 478.21551513671875
11756 159.77164807505545 48.81404418197663 4.186100489304862 0.07303275201050508 85.31148529052734
11756 159.69869278355554 48.815738731738456 1.717096626187143 0.07249471571509924 29.40909767150879
11756 159.76496133811116 48.81901068183008 3.838517114489293 0.08665878163656951 57.78604507446289
11756 159.67804439014654 48.82229383683223 0.999657251363024 0.07134783035302183 29.160545349121094
11756 159.66579463780118 48.82285749178489 0.9765190880298853 0.04789430637700996 44.781429290771484
11756 159.62496969230003 48.82373584437105 2.073853338640592 0.02369914082468904 269.8879699707031
11756 159.58642486222007 48.85786029080039 3.587778631625872 0.07809473965752262 61.83549880981445
11756 159.72189460566736 48.85907515145434 2.309647741760203 0.05873375574588016 42.050621032714844
11756 159.6845201362163 48.87229559953806 2.08104563935741 0.06948346004249599 34.14570617675781
11756 159.7783776414676 48.828428668252606 4.228598538831033 0.15166851089022784 23.506563186645508
11756 159.83438282168404 48.9152349262444 7.875582131613317 0.3259872946572902 17.391979217529297
11756 159.8017393537768 48.93710688254627 7.810722776620025 0.37752808645412034 17.151269912719727
12884 212.12046698241707 -27.057995046513206 12.96067926361244 0.4060499533637473 33.672420501708984
12889 187.4864331916261 7.957632520808962 4.732583438371964 0.15038447302054953 18.502973556518555
12246 238.94362340129106 66.19404652677056 8.668995278343653 0.6401641388379619 10.496910095214844
15614 157.83111343368338 35.00489256581812 4.895925970247561 0.39248372959905375 6.734964370727539
15614 157.77047325721918 35.1146688614681 7.778852177881662 0.2177488597309873 69.47490692138672
15132 149.98114761597728 -30.219298164658284 4.989756067334954 0.3653441769668965 11.083366394042969
15136 175.64522402041018 58.55361345127222 3.98933082225741 0.19824588769297896 12.880171775817871
15136 175.5856553651373 58.48548846206532 0.6644478752175815 0.0579473871615465 45.160133361816406
15316 130.50504407295261 -17.436396822177183 3.78191882069541 0.12230616807837832 15.729715347290039
15316 130.45648049463526 -17.492016104944526 2.904503987375983 0.0750538622844295 26.918596267700195
16613 232.89505520875997 35.565495006962486 1.684044271440702 0.045850225099450956 78.9492416381836
17596 177.52388707175007 22.469525348349556 7.701211805577926 0.6961700177716216 8.202635765075684
16281 336.0050270154834 78.32127423180366 4.638827269832881 0.3049160985590843 8.038403511047363
17152 229.6261391709359 -24.23789949338273 6.541180375394729 0.5739715389307943 5.002295970916748
17494 177.786523686364 -28.04372265700604 2.901286279543996 0.0773416236912463 48.97154235839844
17227 207.04280653398018 26.15497486494156 5.448439590285058 0.3232326223274355 12.656607627868652
18281 272.73569375138015 49.970594762464245 4.527332466839074 0.20910494594353818 12.864513397216797
19935 258.9799090211283 57.39075282897995 6.647966046745195 0.43432682836168823 13.03703784942627
19569 218.2053180407889 44.2227968878208 9.08171479975676 0.7803984985193818 8.229423522949219
19752 284.3056773022249 66.18039139167762 9.663658949521384 0.13766788060784332 79.90387725830078
22164 186.17396395421946 12.864018237980174 4.743069748876124 0.2507431025461873 21.76015281677246
21081 181.60849004804646 -8.72885454755094 8.430734821464624 0.32385758218868343 43.14960479736328
20916 239.15558857266763 66.35001514200434 4.410484282107928 0.14737565238377243 25.5993709564209
20952 250.2161887960045 46.68466538765278 5.3761844450753 0.044078990255873134 324.2694396972656
21563 128.6758828843719 45.48543410995103 5.141475727317518 0.26050467487579826 22.809730529785156
22650 144.92818129044298 40.84079236989762 4.618190198172492 0.1524023837412374 26.73818588256836
22651 209.927294001265 41.08993986689252 4.034129808483764 0.2439479730680406 10.239227294921875
23214 198.7695643023659 -28.073377160554628 5.407271380917891 0.17260747509388844 39.621952056884766
957 189.02061039091137 62.33740059446164 6.65092159319649 0.3193084078721738 21.472759246826172
1671 189.40362791752955 62.24134752086385 4.097683278014471 0.13655350451792955 25.14484214782715
3389 189.10579828049006 62.234640292866416 3.308812061641918 0.07777245964514723 43.01347732543945
3408 189.1668909944635 62.32828620722678 6.91870066069987 0.5853667050047325 4.749783515930176
3391 189.02258824007325 62.33653790012489 6.608088127131325 0.2597066246060953 10.497944831848145
4357 214.29411092720827 52.474662957154145 4.779567948865027 0.27927627440383956 19.193614959716797
3344 157.95000425977597 57.72762316147031 7.879139997107645 0.7683760669821548 9.778460502624512
5023 161.51616359256695 59.11210789500358 5.985345632865508 0.40516142294895247 11.144001960754395
5029 160.83520540227497 59.072292978741274 5.780590472781754 0.27405878073886825 17.760581970214844
5846 214.94313445236781 52.99515423692547 6.806518816771566 0.06538240254629925 255.24822998046875
7947 218.60851940999703 33.11621458548027 2.21216455915827 0.09167940909060386 23.901710510253906
8021 149.75413147683287 2.141879205420779 4.241744614093674 0.19587294038955932 15.737241744995117
9759 255.3837385119292 64.28358150246719 7.175172043249228 0.634657950198395 8.440476417541504
9876 214.8783259104743 52.987766957220536 6.527980571537195 0.30177454909716794 25.260255813598633
9456 214.9598459686411 52.74343671858296 6.843992055975204 0.43170182045602223 14.61906909942627
9735 214.61010790231427 52.543556190043304 4.905069407755588 0.38397873573951546 11.704999923706055
11779 192.91125048437246 -10.492443908764113 3.265405563711542 0.18751261405006786 11.097461700439453
12290 162.10339330669112 -25.113268837077346 3.039939256122807 0.1128157647463595 28.541078567504883
12928 268.450827049469 66.36787732928096 5.192756788870829 0.36704123312797504 8.73110580444336
15214 149.8264104839223 2.717910597606008 6.0954080274666 0.22853012587002405 33.47157287597656
15220 149.56673174029135 1.812502480254071 3.577347664126897 0.11745828193000647 27.43344497680664
15229 150.5280538702945 1.9869255452321508 6.077468088201767 0.18390101533988346 56.60481643676758
15232 150.63906184148968 2.464371898752999 2.941287974766102 0.08595561249313952 37.4415168762207
15232 150.68311530014242 2.574651264765596 7.11154460551037 0.2191041845565446 51.98408889770508
15232 150.5725012137481 2.5000460819640193 7.375106504400892 0.4558813213411921 15.70217514038086
15232 150.6337668916365 2.593732566110127 8.856760065110779 0.3524775136269243 29.60080909729004
15232 150.6301695635006 2.454588793389583 3.434602484805565 0.20613397304599815 12.888372421264648
15232 150.62452838803776 2.5402849602614905 6.29863800145209 0.240568329287858 22.7552547454834
15232 150.67060313492152 2.580240244620811 7.510292892400697 0.634044772757323 9.506315231323242
15239 149.96782003514846 2.780649197705185 5.166429448174821 0.475128501916317 9.19897747039795
15239 149.86809176092618 2.793560775591134 7.88984796906009 0.767000676157279 11.131817817687988
15247 149.94552975422835 1.5808876940632424 0.3747377485104271 0.0824005795059225 28.702062606811523
16160 240.23291255184202 -0.5000087585983232 3.818646027424113 0.17933793708825385 14.663375854492188
17709 284.3209219929565 -20.894212262091003 3.504523065869046 0.1538091368137833 17.87543487548828
17709 284.41511097091416 -20.914392503463084 5.880828330045139 0.3784861707614913 14.239683151245117
1522 83.83414642007978 -5.478266897431931 5.34632468122906 0.1299410147607997 47.873600006103516
1522 83.83486186009638 -5.438113232474801 3.13416006112447 0.03870514051867294 120.53846740722656
1522 83.85147319549586 -5.433371637682958 3.527903494309334 0.09396264953261191 30.796802520751953
1522 83.83086659423655 -5.428359689450977 2.509372961640985 0.0477962237001011 65.61782836914062
1522 83.80086701809685 -5.415629652270926 1.444709738130435 0.13019713820172166 15.38604736328125
1522 83.82594784735869 -5.408388753976844 1.390518385020646 0.07991161888543147 18.97176170349121
1522 83.83263121648088 -5.372584404156393 1.87722407757281 0.03478648895072808 42.17493438720703
1522 83.84874888097382 -5.370142221055447 2.75378178723545 0.02332262575255631 286.3477478027344
1522 83.91297960814785 -5.3404720680433035 6.977906651417944 0.46560084472102226 14.01655101776123
1522 83.7990908610375 -5.30961314966048 5.026570358333896 0.283196365849336 11.725873947143555
1522 83.89011825124861 -5.4806895979524715 7.172230978284094 0.15697501240940626 73.0630874633789
1522 83.76647612359002 -5.469100925851719 5.224040005950457 0.2120354647924031 26.38333511352539
1522 83.92001534721662 -5.361493932297443 6.911412252292182 0.20981847093868475 51.06378936767578
1522 83.81774234553494 -5.476049548992494 5.021621954681313 0.24768711632373192 16.843257904052734
1522 83.68554401654592 -5.410861338626549 7.434558414360813 0.42568340459908893 12.16065502166748
606 55.99883529267423 32.23414790035548 8.704621976656798 0.11542150372402758 208.91798400878906
606 56.09069084732374 32.20852949972316 4.613753125320145 0.17753433195954343 16.20496368408203
606 56.16990146785567 32.21841321394414 5.274871522362118 0.31236033116268813 15.8548002243042
642 52.31011362202864 31.376711849619827 3.449490226909139 0.19709656179825535 13.173249244689941
642 52.2971007253074 31.288208711431988 2.51207997033554 0.05102837278039466 71.04480743408203
642 52.19837589474457 31.40163470433067 6.055612414651014 0.35270401164497023 13.923036575317383
1867 167.42482022127018 -76.58290937121158 1.494894060873792 0.014459824663977676 661.2672729492188
1867 167.83364991155375 -76.64039927274673 5.708117017836156 0.31817528533052697 11.830354690551758
1872 86.80864624795527 0.004391478211081963 8.139595680628288 0.03561145206987988 797.1891479492188
1872 86.72408768535067 0.009462366274693391 3.880624438508506 0.10044667590691461 40.850135803222656
1872 86.76663087537924 0.18727074908897115 8.98347056202804 0.13782154510680653 127.54805755615234
1872 86.65440073487666 0.11159986108673693 3.544521186877321 0.1538456369222242 11.345468521118164
1878 85.40901062142616 -1.971643463097423 3.808144713135259 0.05068109764519267 135.4189453125
1878 85.39761804813114 -1.9377419752346319 3.062011237441689 0.04015059953795851 109.59251403808594
1878 85.41151082739474 -1.9340925325516451 2.207432486471375 0.03386907157164701 135.58059692382812
1878 85.447705450966 -1.9240613099292654 0.3037398870854205 0.018803427867787173 278.1632385253906
1878 85.42491868457398 -1.9067507337924265 1.446567859044237 0.03507217298855795 84.55096435546875
1878 85.44215333408606 -1.904195838893309 0.942921773869242 0.01720406283232383 304.6353454589844
1878 85.43775111561953 -1.9018433627988627 1.157691745148641 0.027621711816281293 132.7357940673828
1878 85.43388313868545 -1.8965390941077473 1.544023613901709 0.03781145303837164 74.9463119506836
1878 85.38174315877747 -1.8755872312505435 4.638226745104372 0.040176955439193474 290.9391174316406
1878 85.46052625588119 -2.0493392040704275 7.838320281044958 0.2869031745871534 42.52101135253906
1878 85.45288162901585 -1.9044621698022297 1.013853539367971 0.1437685823586759 12.358415603637695
1878 85.4438541747771 -1.8635990170689407 3.360351974281934 0.1411812405639707 21.06560516357422
1878 85.41427511871554 -1.783531906870062 8.373060680526272 0.27371532467187487 37.68855285644531
1878 85.52193293156094 -1.8957467314410286 4.810613651974159 0.2430268941386306 19.718242645263672
1878 85.36288009934961 -1.8694931046231933 5.786604155885357 0.2871542703682237 17.187904357910156
1878 85.37219725756995 -1.8584689582431573 5.71707801766427 0.3475399945037046 15.749176025390625
1878 85.43027251238199 -1.8924411910368877 1.862474649447401 0.14815836078913205 8.935100555419922
1878 85.36233995298295 -1.9026504777627886 5.07985620974021 0.0979340071166822 88.83234405517578
1878 85.43966365444881 -1.907535102359543 0.7991127553314157 0.03911426387528987 51.3908576965332
1878 85.43926295155056 -1.9071741545822853 0.8290358636872135 0.0945697906974593 14.06842041015625
1878 85.41275574031346 -1.9407626473174748 2.330733330342241 0.04533958073475892 82.64726257324219
1878 85.47934722826683 -2.0087471481949364 5.725214475941408 0.2096749405955529 31.066062927246094
1882 91.94120977430495 -6.416070097716933 2.358859133362789 0.03600921402642449 119.90936279296875
1882 91.95287825528668 -6.401834267439383 1.279307368942028 0.043632412694771985 47.83475875854492
1882 91.90500119869004 -6.381479476814601 3.365233582209779 0.10478694400187595 25.836931228637695
1882 91.94832888639803 -6.379320789031402 0.8012661247719971 0.06808684894374484 27.012008666992188
1882 91.94413001748939 -6.377147557648283 1.076699381974643 0.0544229230423154 27.959571838378906
1882 91.94209691556848 -6.3682451382450385 1.427749232934019 0.06102451845322248 38.08450698852539
1882 92.05047305756457 -6.329783446574925 6.173590130460015 0.2013015913886428 41.82037353515625
1882 91.94860154015576 -6.270195963811727 6.76845784965861 0.257613771694718 35.91031265258789
1882 91.88437518826441 -6.204495262613702 11.61492558426454 0.2738959430873202 84.86405944824219
1882 91.99723055015771 -6.440685248743144 4.103161748501926 0.14691688988510057 24.375553131103516
1882 91.89683250249783 -6.3854129135172935 3.856542726173842 0.16074928304642344 8.042570114135742
1882 92.07867930236483 -6.435340483418493 7.681622921997976 0.5240887876529614 12.3027925491333
1882 91.94014138162822 -6.381841345712502 1.269817892678333 0.1178747045536231 10.932162284851074
1882 91.91131733059603 -6.380929515758793 2.989371616044057 0.0931888238808845 29.84520149230957
1882 91.90346271758992 -6.32881419461501 4.715993879659484 0.0883985005777201 57.3073616027832
1882 91.84773374426693 -6.450777610256169 7.927676203822568 0.2642170601190561 17.582416534423828
1882 91.94128168646391 -6.40027593155336 1.615390668873174 0.0815511334396972 27.540281295776367
2548 83.82059376126192 -5.765499778573061 5.734198079471057 0.14286624063657774 63.59354782104492
2548 83.64912914006395 -5.669554501584232 7.659984121318207 0.3506394505601778 33.33443832397461
2548 83.8450594398524 -5.745267832489342 5.629849230829203 0.22850223838698397 25.719972610473633
2548 83.6326478244816 -5.588941328461701 10.21473158131001 0.32560300481105964 56.2074089050293
2549 83.84919959478431 -4.8379312388196 2.240405670374378 0.03122414621374524 164.86843872070312
2549 83.85698633681582 -4.825371635871908 1.911375994849196 0.029000121189158866 169.40304565429688
2549 83.85627171350896 -4.855723559662581 3.386888484361142 0.1594918151854185 17.81271743774414
2549 83.77000647050829 -4.78580320951155 3.929676681252899 0.2493835687830424 8.93415355682373
2549 83.81983284988576 -4.675731834732935 7.750069229091878 0.08837192412642637 223.5675048828125
2561 282.4394568139593 -23.83791575019641 0.8715822320025858 0.09692781771084988 21.403287887573242
2561 282.4416570599055 -23.837649207653282 0.7798411138655532 0.0 19.58704376220703
2561 282.441208810217 -23.837785840610593 0.7950406256733136 0.06821500712625586 24.697277069091797
2561 282.440716630015 -23.83776168446281 0.8181420274500303 0.10025517615582226 11.653220176696777
2561 282.440168450901 -23.837838905533452 0.8407730788202981 0.06742176620914293 28.270118713378906
2561 282.4430676175615 -23.837605293959832 0.7207466950096445 0.05367075270560112 21.067481994628906
2561 282.44241872674695 -23.837641041400726 0.7469354946284573 0.06853580932191673 47.030784606933594
2561 282.44387526938084 -23.83750655622328 0.6915575310799538 0.06268094396133121 61.630741119384766
2561 282.4458599344107 -23.83736683023676 0.6228731553170114 0.0706722544357437 36.07608413696289
2561 282.4449473964473 -23.837396879152433 0.6545813807164336 0.0534317377981008 39.690773010253906
2561 282.44746569551455 -23.837210351153004 0.5787384872995903 0.05707181089215358 27.250289916992188
2561 282.4470377254263 -23.8372362178969 0.5903084370164412 0.05398441444205665 31.250879287719727
2561 282.446451859168 -23.83726256068844 0.6077054687438902 0.05756639372029881 24.669414520263672
2561 282.4488413239779 -23.837092939028736 0.5486397597061904 0.06060145456600678 26.242286682128906
2561 282.4481578285401 -23.837150837291396 0.5625425912142261 0.05266541479333799 20.486295700073242
2561 282.4477829903249 -23.837102871701905 0.5751994564755929 0.0 18.93100929260254
2561 282.44987475840685 -23.83696626250647 0.5342285822543177 0.0 18.97304916381836
2561 282.44941865782306 -23.837036743608937 0.5390778517507214 0.0481567360831484 29.62298583984375
2561 282.4625662696204 -23.83585271008984 0.7725293405689493 0.053545543428945394 34.25117111206055
2561 282.46199706696996 -23.835881039733845 0.7505580198921017 0.05699037145892506 23.30048179626465
2561 282.46393076552255 -23.835724600174203 0.8301571720550548 0.06275395266226143 52.58583068847656
2561 282.4631981992514 -23.83581067714841 0.7981068253132219 0.057688228724364486 23.846826553344727
2561 282.4658692271516 -23.83556450297347 0.9155925851685215 0.055261116880170824 29.848276138305664
2561 282.4649834046513 -23.835620198285735 0.8766679532629659 0.062203056697325315 43.4932975769043
2561 282.4668913664181 -23.83544110907002 0.9638076758367848 0.06528688147560223 41.90161895751953
2561 282.4662323090286 -23.83551759740627 0.9327286635993798 0.07174566766298429 16.905378341674805
2561 282.46914865213245 -23.835325463682157 1.067843372236188 0.0 14.914107322692871
2561 282.46851425197116 -23.83531034293668 1.039816152715874 0.07427442837298749 34.57484436035156
2561 282.4678100685155 -23.835373011570958 1.006352896114541 0.04970985386590347 35.8990478515625
2561 282.4705989960918 -23.835151973288433 1.140002073008689 0.0782640932529263 16.185482025146484
2561 282.47004878204973 -23.83519207562331 1.113342171914707 0.08192150216539504 26.29973793029785
2561 282.4694225542699 -23.835201192641204 1.084463236588961 0.08321797675634057 20.559242248535156
2561 282.4720286075175 -23.835014104042386 1.21110692779598 0.08910726202334565 13.898932456970215
2561 282.47147276431303 -23.835051872116527 1.183840282618254 0.08822265882889256 17.706418991088867
2561 282.47109094032385 -23.835051916935864 1.166030152858189 0.0 11.144190788269043
3498 83.85557947910266 -5.424859052084564 2.839681991921461 0.11192245337070814 16.017141342163086
3498 83.81814243277255 -5.419320628808395 1.458509656035521 0.014023922123380458 344.2323303222656
3498 83.8517863041032 -5.411036854093788 2.198736966330237 0.028320393984648137 127.07847595214844
3498 83.81234763512178 -5.404728923225068 0.6946728401690312 0.07935137142026726 7.2683515548706055
3498 83.8539447534629 -5.4003928368813625 2.131034917161433 0.0708633090184161 24.940292358398438
3498 83.79888005215088 -5.392603639066495 1.191585233759535 0.05597527630002778 15.850507736206055
3498 83.81104570683053 -5.369755766286818 1.58285660653331 0.028311223076695403 68.24755859375
3498 83.79709859514523 -5.354268784453418 2.764026828597905 0.05697884558065791 25.572433471679688
3498 83.80501053251955 -5.347931204821581 2.940851277996614 0.039801604362806775 96.44756317138672
3498 83.80657523085414 -5.3420125751148655 3.261498209245244 0.047016098590958365 50.56141662597656
3498 83.78831815382435 -5.516203774955441 7.493878386006807 0.09176094840922681 187.78955078125
3498 83.78100175795176 -5.444452828369618 3.723287478480933 0.027067325916670285 347.0059814453125
3498 83.84067950746149 -5.394225687559947 1.314973469082051 0.06196994063181231 22.94416618347168
3498 83.87808578652341 -5.362931632428603 4.037225094031091 0.1122784375255113 40.622318267822266
3498 83.81742266913442 -5.3589693048672284 2.164227548804184 0.058302169178416546 17.727575302124023
3498 83.85417187161406 -5.342838496089524 3.7811122749038 0.08332417637845958 33.66954803466797
3498 83.84506190133419 -5.33963668158242 3.677662089235541 0.06239170297961291 46.66818618774414
3498 83.80693289473439 -5.479506909616166 5.117662418797323 0.132639247544622 52.159912109375
3498 83.80363523542815 -5.397575936620514 0.911706008390348 0.05937837856918349 23.407012939453125
3498 83.84053513385935 -5.329507626191153 4.141773957948432 0.06542561685475269 77.73997497558594
3498 83.79978483663969 -5.479198916878587 5.175412948022891 0.26421535239008975 14.569232940673828
3498 83.92999030639433 -5.421108988207024 6.830685001279757 0.4767941244448242 7.294988632202148
3498 83.71484910859687 -5.420234528422196 6.384014779150712 0.07330361385290288 144.4678497314453
3498 83.84333617752188 -5.419261725373343 2.070023691515968 0.041666181581653985 72.29969787597656
3498 83.85135604161452 -5.375622276817604 2.272489914524327 0.0670829899740494 33.428192138671875
3498 83.84655762064249 -5.374499001210028 2.070946457833423 0.03912214802496933 69.47132110595703
3498 83.9398578831296 -5.472968397427178 8.61759813550806 0.17496477959480403 74.77835845947266
3498 83.80832271208119 -5.407748860530554 0.9829758538000638 0.04516944104591036 29.6662540435791
3498 83.79574028195847 -5.373485957528154 1.883307343122878 0.026104971374106042 103.91523742675781
3498 83.82847912157352 -5.372962055743301 1.447032922967767 0.06849673983647174 14.001521110534668
3498 83.79954880002097 -5.531951388945226 8.29508104018652 0.07686956094167406 253.4277801513672
3498 83.84480069274875 -5.365962948923652 2.339600201170707 0.08215120925065258 21.374622344970703
3498 83.80632956827542 -5.457942525335963 3.846868210939447 0.05980560146374386 90.64427185058594
3498 83.82902348093633 -5.472760911879404 4.70530861006338 0.38709970874485 7.300720691680908
3499 285.4628654850285 -36.903523339739756 3.620284523132482 0.20896358716732888 14.328957557678223
3744 83.84555063371978 -5.541237819299623 8.900715563023205 0.12899624199097579 143.74716186523438
3744 83.88698513762981 -5.505922449625671 7.780524113172405 0.09990063082383473 115.06534576416016
3744 83.82422591188643 -5.411333027238447 1.01251414683729 0.05119979782376028 22.35265350341797
3744 83.82423928468442 -5.4084479034104 0.8494179114108054 0.03770479558163496 57.27252960205078
3744 83.81216121059147 -5.403518840188322 0.646545593832299 0.02173129220514342 121.84571075439453
3744 83.8665113324937 -5.379637409975331 2.983015245603536 0.07226667759990257 18.019630432128906
3744 83.83718646370147 -5.364083754689331 2.15956958068872 0.013429869792142028 254.8925323486328
3744 83.84282236289874 -5.361757019322439 2.45889337951287 0.0224055932603682 125.69447326660156
3744 83.81743552985473 -5.352960367258418 2.539209473297791 0.016741685118819283 231.45901489257812
3744 83.78460963659097 -5.3269538893911905 4.586471216119183 0.04498729673479712 112.8956527709961
3744 83.83209408838295 -5.32498424153903 4.2867042034374 0.1222022448269948 19.014528274536133
3744 83.833253906985 -5.312843113107396 5.01608156361763 0.13790526520722346 25.22633171081543
3744 83.81147777938435 -5.571258168848578 10.57041050846959 0.22752281801794394 62.46713638305664
3744 83.80558397068528 -5.398049609852686 0.8246422914734941 0.05912057424453256 13.435368537902832
3744 83.78513723664138 -5.384674402671805 2.125602473135435 0.03200056429701944 75.18397521972656
3744 83.81679280131196 -5.329029156321077 3.975524692926778 0.15067854270673575 10.353322982788086
3744 83.79909175641829 -5.458615513623766 3.985442707189155 0.24409753241973428 6.982867240905762
3744 83.7984590433751 -5.45798850486592 3.961168882623983 0.22060575328293283 9.285341262817383
3744 83.84869531229346 -5.370166171312273 2.321709225509902 0.08772245051107742 17.403573989868164
3744 83.78496987371187 -5.474816094196369 5.191105823014689 0.12102267415616347 28.438114166259766
3744 83.91276972121851 -5.340486943735429 6.488919121455399 0.2297475874544491 16.01011848449707
3744 83.78616368906135 -5.4837170229204455 5.660949118300691 0.045311276085008824 263.6177062988281
3744 83.79860429634424 -5.435726137754262 2.719779882102012 0.03178862006365629 114.44258117675781
3744 83.79364489482198 -5.433389452701023 2.747531368464659 0.046846885280305645 50.792694091796875
3744 83.8307340898045 -5.3850803326431045 0.9247705003500378 0.058512569858400525 8.628198623657227
3744 83.80249593966771 -5.329206232592464 4.084759008452965 0.13069644591789326 14.231589317321777
3744 83.83206431028218 -5.223763669409784 10.31817851531079 0.07611852223531801 308.7504577636719
3744 83.79284475777892 -5.543639622453049 9.040526319321597 0.25467333520821334 43.520843505859375
3744 83.83763161657141 -5.46915299208979 4.570370022730918 0.08552448602428243 39.686859130859375
3744 83.84296422114444 -5.403904752869784 1.517212449395632 0.05797324562046028 15.46180534362793
3744 83.80663100123066 -5.341995815394863 3.280800963615309 0.059126896693113724 26.531667709350586
3744 83.80741712757363 -5.323743513407856 4.346663045798474 0.16147310262561737 9.341633796691895
3744 83.82313303545452 -5.362627522999771 1.972010319760906 0.02935723102244337 47.05415725708008
3744 83.83978737032821 -5.351481807203411 2.902244129746783 0.05417310018807991 20.021846771240234
3744 83.81921509984592 -5.326535117525153 4.122784294891327 0.07190378315914876 32.49583053588867
3744 83.80788165210492 -5.314699924712122 4.879128412916283 0.07094833378850117 55.29336929321289
3744 83.81868383652069 -5.376350130065285 1.134149393986528 0.024526291611009127 38.188438415527344
3744 83.81779329912315 -5.369514426160311 1.545989831287098 0.0171212490995754 116.76696014404297
3744 83.83683195368542 -5.355929203286566 2.586034801049757 0.09211316210699852 10.790130615234375
3744 83.73720787882071 -5.36835099512973 5.151158025845126 0.12100204602851203 24.558855056762695
3744 83.76419145216798 -5.272751337239433 8.048565258111486 0.48372478739930586 10.17906665802002
3744 83.83316017933637 -5.364964553741639 2.00175424981022 0.057150715106037905 15.58767032623291
3744 83.82969999387824 -5.353475635052548 2.585105928804661 0.09042812715540267 6.533051490783691
3744 83.79362095691963 -5.36370302596478 2.428729140463489 0.03695273916099666 38.54632568359375
3744 83.72602463609185 -5.359808948458986 5.95263834761874 0.07283713420460797 105.40839385986328
3744 83.81779534442325 -5.35253976568184 2.563683331461538 0.0 63.763973236083984
3744 83.85252536750828 -5.351123960574612 3.316018886672898 0.1064632916789363 15.272101402282715
3744 83.81339442231872 -5.337421002479704 3.486322198206968 0.08333051427514812 9.029891967773438
3744 83.77338755050289 -5.489543164856116 6.282069678122468 0.20647305445942696 19.77691650390625
3744 83.8174298923984 -5.358942278303974 2.180630478506882 0.03845203404591264 29.293212890625
3744 83.79176232531988 -5.3045409012648 5.682165185504317 0.12378718953366592 49.28911209106445
3744 83.76987394803156 -5.295000449266679 6.695232027677277 0.04456177368224076 392.065185546875
3744 83.85904789401825 -5.334951475197462 4.333983540067075 0.011957006224646202 1261.997802734375
3744 83.82131107449393 -5.316907076759208 4.702317474826672 0.13721304973665246 15.044325828552246
3744 83.8589961045318 -5.3824515176743954 2.503850480345025 0.03734648795547583 93.6798324584961
3744 83.88105114071679 -5.38456788014657 3.755743704907661 0.11396573796110854 19.320510864257812
3744 83.82092397479664 -5.336634666774397 3.518494216162982 0.05571051846049285 35.303489685058594
3744 83.8340241604503 -5.3289345017470495 4.077483027377609 0.03562819770249634 119.89144134521484
3744 83.76633443000317 -5.484198744359423 6.198129443820849 0.055838084176382745 194.52294921875
3744 83.74817168507495 -5.400011595972161 4.246419802191399 0.06632312379573506 43.04987335205078
3744 83.83596000883843 -5.3792726717926564 1.390382105720468 0.018984063279252103 110.2862319946289
3744 83.8272238728125 -5.3638703377836645 1.9442138364548 0.024093627732544403 60.04368209838867
3744 83.82806112724921 -5.327192827140884 4.118260839879139 0.12864181812603584 13.929357528686523
3744 83.82307157908393 -5.324655627821456 4.242189620108735 0.02991085835629113 189.73519897460938
3744 83.82315104425031 -5.382376075576124 0.809355629056788 0.021519681508844476 46.233707427978516
3744 83.85858113857695 -5.355783650038621 3.342044084130152 0.015442484468077469 480.9781188964844
3744 83.79656638249006 -5.3265255037732 4.337505113199556 0.13203467217614667 19.146886825561523
3744 83.81397422275042 -5.3171994554865405 4.692915990445801 0.09789224373218201 22.501588821411133
3744 83.85141221300604 -5.433405138744249 2.994465462155993 0.1000953148185569 17.281558990478516
3744 83.86035613650351 -5.395772039548734 2.464639187172266 0.023159401230788756 165.23245239257812
3744 83.86547398477369 -5.480878672182347 5.836950385542941 0.2538165399574246 15.576638221740723
3744 83.87755222546379 -5.360844500869873 4.05625250821758 0.124683725663414 19.1055965423584
4373 83.82609443478036 -5.4982568906993 6.198767661790662 0.03577792598196491 380.54541015625
4373 83.80634974844533 -5.457908795519117 3.837983543658359 0.038215979828938526 161.19606018066406
4373 83.808831565336 -5.4529034889867205 3.515463150102932 0.11827165887545077 26.50732421875
4373 83.82488966151749 -5.447377667529532 3.15129628453923 0.1072953947978947 19.79429054260254
4373 83.7739158944764 -5.440538304055967 3.826970208475014 0.045732961125410136 170.97850036621094
4373 83.83812669704743 -5.432463803906259 2.512329344194708 0.0782831562728234 27.496965408325195
4373 83.81528883561681 -5.425853211026262 1.852993437369053 0.06942606403934852 16.866443634033203
4373 83.69336697850235 -5.408807362997189 7.546961005491183 0.053610347481946714 293.68280029296875
4373 83.80658555089857 -5.39864299739431 0.7681538585442201 0.013436905473647264 159.6243438720703
4373 83.79226584553265 -5.3756789713921656 1.978475950658515 0.06308153297520065 15.187745094299316
4373 83.79462180128336 -5.372261453257573 2.001828198934101 0.03679388602327405 42.347007751464844
4373 83.85929741013345 -5.372040105134734 2.780770516384858 0.13564159295320463 9.557092666625977
4373 83.85049923107518 -5.365431499140172 2.595251401679797 0.08303331332037604 20.32323455810547
4373 83.79356399966073 -5.363688489601391 2.423811982090406 0.024516131849812547 119.53146362304688
4373 83.83221311848773 -5.341493491948748 3.317405177346647 0.03456391379874612 74.66402435302734
4373 83.75554052249785 -5.33947536301762 5.052746421495501 0.028118173852523565 356.7469787597656
4373 83.80849576188501 -5.336756426073343 3.561267822014398 0.06015481504213885 44.824867248535156
4373 83.82049554947001 -5.311357047175818 5.030682392360239 0.04003577837273304 161.03823852539062
4373 83.80652822045478 -5.295960551810477 5.999844856977629 0.07306831595304772 72.60572814941406
4373 83.81928456455891 -5.289770043313835 6.325103179420931 0.07241049950663439 67.92842864990234
4373 83.72940449409141 -5.449504299512718 6.264256769120852 0.33322409491236915 18.160518646240234
4373 83.88698391984178 -5.505902510417357 7.786635875816252 0.07323229022962467 185.64588928222656
4373 83.83477307508429 -5.438154592078123 2.745422230235525 0.057079543839156206 36.34077835083008
4373 83.87674107007068 -5.427351235567581 3.953868963188929 0.026248596520517416 246.26708984375
4373 83.84952172444501 -5.355127796178254 3.018039024023232 0.11999661098419061 6.99707555770874
4373 83.81452633376053 -5.354154706184574 2.476250939695428 0.03992837539119099 33.67118453979492
4373 83.81409506278973 -5.353846279664769 2.49752222545437 0.0 16.11928367614746
4373 83.85254691626879 -5.331944447611626 4.292174557481045 0.06018275363581293 57.46784591674805
4373 83.87880293118172 -5.30492468620441 6.489036056769054 0.061546425918626926 125.52255249023438
4373 83.78692461178548 -5.530198156369361 8.323629763369247 0.12275036946201881 110.58049774169922
4373 83.85271743744205 -5.37845796171536 2.252102701987224 0.02851511139629531 111.1907730102539
4373 83.82333264241707 -5.364909329931111 1.835331336626407 0.02996724093786147 34.78135299682617
4373 83.81422397450844 -5.4331985915953585 2.298175075111574 0.05928410514216657 32.46505355834961
4373 83.8525476944752 -5.35115799176109 3.317054272899416 0.07739310541693109 23.935169219970703
4373 83.83747677111741 -5.345284140824173 3.191845132533967 0.03729375931006957 66.5310287475586
4373 83.85201681715405 -5.283229633603987 7.001625729873774 0.10092889393042691 87.469970703125
4373 83.85288941052595 -5.4098832378175565 2.209771562026543 0.0465469894002083 24.896642684936523
4373 83.81529479465796 -5.394128119232291 0.2284443509482057 0.012025455516235403 158.53836059570312
4373 83.82634748854602 -5.401297429572375 0.5733084255408162 0.02763454587097485 37.49449157714844
4373 83.80636249363047 -5.391850214309442 0.7791574449300266 0.01853116357649779 116.2325439453125
4373 83.81598378300158 -5.379368709131268 0.9657495651595951 0.020080576539225962 45.222896575927734
4373 83.84213267443947 -5.376100328570717 1.796209185731424 0.03089789248024967 47.16986083984375
4373 83.84785237812082 -5.3337702878625475 4.069020186136227 0.034628810554276815 188.11642456054688
4373 83.81546945073157 -5.441172222401856 2.766958505438235 0.03637314876507381 134.53370666503906
4373 83.79787803774444 -5.433947972369818 2.644880168547485 0.008691695966240767 1332.755615234375
4373 83.80945209047577 -5.406840116086694 0.9010449764198608 0.03599938842070817 33.345149993896484
4373 83.85042682694892 -5.35904262307982 2.869639488085244 0.029109151395058038 99.37535858154297
4373 83.89006042662783 -5.48068772484699 6.659446886696309 0.1511832942539786 40.895870208740234
4373 83.92542034284304 -5.334840492674557 7.317749844138273 0.3665483455305589 13.756959915161133
4373 83.81744075284743 -5.415614682536954 1.228993933664741 0.0241326539355272 114.76657104492188
4373 83.7406888910502 -5.3977895382013 4.678533182981859 0.017335067094939524 702.97607421875
4373 83.79431994031296 -5.38423337185052 1.612392239691565 0.023335090391189615 103.33123016357422
4373 83.8169567450271 -5.3852440510991055 0.6086102879328833 0.010314401347711248 240.87513732910156
4373 83.80735418433467 -5.371458497119844 1.583796041174924 0.03463849691842783 25.39434814453125
4373 83.84056308975057 -5.329497381030267 4.147179628622119 0.02480920090192423 250.1202850341797
4373 83.80270543660833 -5.3680292512209915 1.89711947886334 0.05706344460342243 18.499696731567383
4373 83.8336428643275 -5.3454824984766 3.108497085188507 0.02159876948045819 171.04612731933594
4373 83.81447272926175 -5.328679927100872 3.999507068087614 0.1366477216709562 14.78028392791748
4373 83.8647751987495 -5.475218610283728 5.526641620391687 0.06307073325420243 125.99182891845703
4373 83.81414063689543 -5.463075789570489 4.083462786232764 0.1171018122573811 26.811857223510742
4373 83.725467370534 -5.374012458870048 5.727967454519249 0.048846482324278094 174.48370361328125
4373 83.84282278745098 -5.361757174779813 2.460489503298394 0.023631069952260872 111.94918060302734
4373 83.81645757648782 -5.249609331265919 8.736005070663996 0.08853149354008041 125.1013412475586
4373 83.81431786338243 -5.395899705283768 0.2810347537667663 0.013134555425217019 155.82369995117188
4373 83.80336183487317 -5.345390167746352 3.129929501281979 0.049775897410677714 57.9036865234375
4373 83.80673996618769 -5.3318366460181394 3.870631012005447 0.01528600808808774 486.33758544921875
4373 83.66641905333333 -5.444715235589737 9.584332302928813 0.05776138421710052 378.2054138183594
4373 83.83079179166386 -5.428381846888934 2.11315286096821 0.07731176085911844 19.76819610595703
4373 83.87795940949505 -5.408618321531283 3.614730300200157 0.039891888425547306 100.40687561035156
4374 83.83454972080153 -5.510927143325117 7.011933366852174 0.05969748391691495 206.5559539794922
4374 83.924836586777 -5.470153059819602 7.767780595546624 0.01932745514577889 1442.7623291015625
4374 83.75552559158409 -5.469906344908985 5.869790487731976 0.045056950039467976 366.931640625
4374 83.81545741246863 -5.441181351697865 2.771819351220602 0.017225422901455286 420.4631652832031
4374 83.83075881316472 -5.428392736074107 2.119600950901583 0.013582859885431594 402.8387756347656
4374 83.85556629133067 -5.424797685196611 2.824680827193454 0.09261176470610968 19.94740867614746
4374 83.77369154136585 -5.418401521092802 3.038842181063953 0.0202055527253135 340.10174560546875
4374 83.77780184806537 -5.379011943975043 2.63626821300626 0.0652899382475563 18.950918197631836
4374 83.82898123046886 -5.3520995339701285 2.650375274537137 0.06319816476359962 20.703153610229492
4374 83.82433134880769 -5.348281148472607 2.828585076114419 0.0200878245600249 180.30105590820312
4374 83.81786365807038 -5.345521656928813 2.975853148334868 0.021328874979173768 167.73060607910156
4374 83.82712860381073 -5.345155167780172 3.037608047010578 0.017298175442938206 233.99012756347656
4374 83.87349143420764 -5.333887888318994 4.913369931055692 0.04864154447257581 159.7603302001953
4374 83.83168991542014 -5.333788148849747 3.758165512665786 0.04327204505414916 60.57902526855469
4374 83.81679188584388 -5.329024757943899 3.967000119727853 0.06829315599998363 33.835548400878906
4374 83.80285762150316 -5.326431250344271 4.230187548665349 0.019737600992898067 353.19482421875
4374 83.83531232793393 -5.325719948604951 4.277701799854857 0.08130003155995819 25.97888946533203
4374 83.87794827741612 -5.301943640620423 6.61095119803532 0.04333786194631438 261.48028564453125
4374 83.8230011532248 -5.294412606140956 6.046841429196708 0.012911690888032122 1307.498046875
4374 83.74246593086691 -5.479903350656117 6.834372905805731 0.23716602436617962 15.765408515930176
4374 83.77554519169239 -5.385051247646049 2.657196119804842 0.12337904558263604 9.88786792755127
4374 83.85189468035774 -5.442014028990447 3.436918864714061 0.14219988813189832 24.230112075805664
4374 83.83253011002608 -5.372599112326647 1.578084356265963 0.05524953557102295 12.886628150939941
4374 83.80758280682636 -5.3691627417496495 1.696429970496573 0.01635432940252851 116.63182067871094
4374 83.84031316505678 -5.363021608642148 2.312566542680508 0.015471304045823659 268.3417663574219
4374 83.82011962412287 -5.316886513289408 4.693956544054849 0.14341464121557682 26.928913116455078
4374 83.7967068078302 -5.289065943867296 6.498845658353563 0.05188242902380765 159.54104614257812
4374 83.73376556692517 -5.482078998824926 7.284700639134114 0.2825970614946742 21.39836311340332
4374 83.70057529250299 -5.377275325269951 7.146669452188464 0.22710829209452563 19.92342758178711
4374 83.81016447822054 -5.306795340381499 5.324266145161405 0.13248794415909088 18.152490615844727
4374 83.90371559963694 -5.306019894599039 7.366507624915952 0.15270015353872896 43.88627243041992
4374 83.80050685745039 -5.413227113465124 1.544148857194496 0.037979846749329256 41.79490661621094
4374 83.8528679106339 -5.409856243407604 2.215414803005997 0.07067711025930891 22.964998245239258
4374 83.80509932055605 -5.398701906448282 0.8501292598965036 0.029419853112493868 37.30685043334961
4374 83.87650315494118 -5.377183696328005 3.607033843679437 0.03550175852123278 172.98367309570312
4374 83.8182336499798 -5.364014114266953 1.866085621633169 0.03825800585557799 19.428991317749023
4374 83.83145643178979 -5.533007005165158 8.30797294323887 0.25808340357816784 21.09549331665039
4374 83.86231038464446 -5.400075527228614 2.612150601603676 0.05679557026473077 45.68008041381836
4374 83.85007001875167 -5.387131818279807 1.924426837077201 0.034003883301793734 65.89563751220703
4374 83.8447246456334 -5.32991699851156 4.205500417119217 0.04254350618323481 115.26335906982422
4374 83.77255994940587 -5.404166973468125 2.818924811147872 0.07359313963002018 31.957477569580078
4374 83.85134884709463 -5.375602558561782 2.266016818427525 0.048648822356454166 45.919551849365234
4374 83.84866570639026 -5.3701432424317845 2.326499136707384 0.04791049860465458 37.023536682128906
4374 83.83749756271297 -5.34529464502448 3.189369549432251 0.07391686125244014 25.22091293334961
4374 83.81920923006919 -5.289749343467004 6.32162262354527 0.07037409411081254 54.54646682739258
4374 83.80751608989918 -5.506802960119822 6.735828799248489 0.22850520368875038 24.276878356933594
4374 83.91518803698757 -5.463888192425003 7.080356454200249 0.10996402985801844 69.52532958984375
4374 83.77381837554756 -5.3983179415618405 2.697761430974745 0.02746513953474834 170.6090087890625
4374 83.8270653619209 -5.3914248062053245 0.5373550174576345 0.06673988492329476 5.33644962310791
4374 83.78638700054046 -5.382353890479154 2.085624041547789 0.0314289693529867 60.130035400390625
4374 83.86155816488333 -5.34804493525445 3.805003585459772 0.1324801800367931 19.998441696166992
4374 83.82662543260271 -5.338921364299047 3.402983765015785 0.0433052519812412 40.1230583190918
4374 83.81018543047738 -5.2903017108461485 6.309793393403651 0.0522310267440498 117.3514633178711
4374 83.95882204475903 -5.354784216720762 8.703494180870536 0.4980478051897164 10.383277893066406
4374 83.88617789755378 -5.354997771079296 4.686166418802681 0.09802154831069854 60.2466926574707
4374 83.82497436416558 -5.348740904948486 2.805922004468927 0.07371617813493644 16.47062110900879
4374 83.88083172425073 -5.258781365658932 8.97835613985207 0.0 405.8782653808594
4374 83.81045633566163 -5.441706219308502 2.8405921802473 0.18152540615004437 7.671844482421875
4374 83.7167211083562 -5.4051754878199 6.131319504886735 0.11883627515303218 32.05986404418945
4374 83.76069071318452 -5.552613100693308 10.06875563338023 0.3889099615331689 18.714998245239258
4374 83.80700849842876 -5.382213363863964 1.048995778391701 0.0480852024380179 10.919530868530273
4374 83.88851115499436 -5.332637579717591 5.599882615131907 0.0675694786476876 95.44926452636719
4374 83.81610657466605 -5.344499022120161 3.041079760661809 0.04999368700194674 36.12312698364258
4374 83.82507954361523 -5.368107088116212 1.662096922074304 0.009264802400288569 374.28131103515625
4374 83.79886351976013 -5.392581582736678 1.204426716367218 0.051138764138518485 20.180767059326172
4374 83.81794621412241 -5.492337466543213 5.833956734052715 0.36931935992291787 6.992397308349609
4374 83.82423410083778 -5.408435227455202 0.8614628037282547 0.03927165510360002 31.438501358032227
4374 83.76374278740508 -5.272816897566661 8.042623285640426 0.31903687866316804 13.16171646118164
4374 83.79393072887606 -5.404583447673847 1.594271837098983 0.04496300852231241 42.459102630615234
4374 83.85925131138099 -5.372008643700987 2.782242340631434 0.08570927703991574 22.24311065673828
4395 83.81588325718705 -5.553384173803526 9.486177777481235 0.041767158639808656 637.5673217773438
4395 83.78838321212906 -5.516204112848472 7.485258061611191 0.07597026801579955 253.68527221679688
4395 83.75725359788318 -5.420129041426386 3.996885510281773 0.14918123985306567 11.486983299255371
4395 83.81755807474242 -5.415529207684259 1.21734335769443 0.029048765480549753 92.83578491210938
4395 83.85594631225479 -5.392528429549782 2.192328161994647 0.06599158463733346 35.59698486328125
4395 83.85012367504254 -5.387153113577779 1.902299503873291 0.07949685407754171 21.43859100341797
4395 83.83178041175493 -5.384289522757242 0.994527505411831 0.02378978766185754 74.1155776977539
4395 83.81330114635094 -5.381714893084341 0.8926939170607731 0.01114098065165674 225.35438537597656
4395 83.76545781704684 -5.379327327010792 3.35931936629832 0.08898741204756302 25.59290885925293
4395 83.85276041997459 -5.378473289406605 2.237001629580182 0.05779037957439004 45.61591339111328
4395 83.84431731150322 -5.360364185806107 2.573445245673084 0.060198152436749704 25.60871696472168
4395 83.81893842675844 -5.348498887304057 2.80931096769455 0.14573787468099883 6.755276203155518
4395 83.81148594066931 -5.341365877293668 3.27111031640722 0.054691374959402315 34.135311126708984
4395 83.86815535266275 -5.298413265146562 6.504335991739131 0.041454769296032215 297.3259582519531
4395 83.82303794648554 -5.294414903421884 6.058243851315554 0.02093428351240094 793.7129516601562
4395 83.85291617314793 -5.473673497867818 5.110885795784397 0.19300618858570728 15.133094787597656
4395 83.77306772633219 -5.464573746609688 4.990939010320079 0.2962166101460421 9.53514289855957
4395 83.91988603023832 -5.451775499975391 6.8945475301766 0.25581029658489784 22.729297637939453
4395 83.81047439286648 -5.441865238356134 2.842677927395936 0.1565713362444155 7.270383358001709
4395 83.7734898752007 -5.422067855612793 3.174997042876512 0.012495161230443174 963.6925048828125
4395 83.75056649489021 -5.421136476800231 4.391075870093171 0.046900133730076635 177.33580017089844
4395 83.80964236190242 -5.38558121386621 0.8232724705478591 0.012243036077870542 186.43724060058594
4395 83.79714518975909 -5.354237386021281 2.799188924378224 0.19029474209025699 5.9814558029174805
4395 83.73386465651944 -5.482136959906091 7.294340494024955 0.21239147874577535 22.636016845703125
4395 83.70053272446494 -5.377355287182203 7.179057146969967 0.33235981738117465 10.97585391998291
4395 83.85516177343581 -5.555627428036899 9.85342990087313 0.3175897395537124 33.012062072753906
4395 83.81424211157882 -5.4331498547589145 2.290286999798332 0.04734346876140981 59.63742446899414
4395 83.78551303238127 -5.411512986006669 2.242733410730539 0.0 19.786697387695312
4395 83.78572952970433 -5.411156613445935 2.221856845930408 0.057982861624216286 38.650718688964844
4395 83.8337211601125 -5.333028929499913 3.834702568965382 0.08055150495733622 27.716259002685547
4395 83.82289518951187 -5.306196236106522 5.351548421111995 0.05618914739256036 105.00374603271484
4395 83.9278936702526 -5.429002126101161 6.79114246209444 0.2105561810602881 35.4431266784668
4395 83.85185336636695 -5.400235856631201 1.963710956607417 0.07389366349979026 11.117162704467773
4395 83.79883059498712 -5.394528699145906 1.226757451903763 0.02704189327354217 71.71880340576172
4395 83.7770085727415 -5.289518301106403 6.833472961403111 0.09293852868847312 109.0602798461914
4395 83.78372776193035 -5.506078740815902 6.977921233706464 0.669490328955403 5.151356220245361
4395 83.80913600203135 -5.478747705039726 5.042783037390015 0.29692718315893785 8.975194931030273
4395 83.85143648850367 -5.375596036250676 2.252460460516649 0.08229572301407008 35.81251907348633
4395 83.85596013780511 -5.364273326464041 2.87261005481944 0.03656222766184884 93.55519104003906
4395 83.7454619694382 -5.46759336508734 6.187405353369115 0.1691835465403738 65.3470230102539
4395 83.73651034251263 -5.443671315387328 5.736045746161841 0.23986101305998828 21.502941131591797
4395 83.72943435108206 -5.424851227445207 5.655775849444486 0.10933170453513742 64.0484619140625
4395 83.73724655395493 -5.368395264165909 5.163805390837925 0.09943128214161404 39.482460021972656
4395 83.84196185778607 -5.470841251075357 4.728303186737103 0.07881032516574465 99.10649871826172
4395 83.79172942414104 -5.3045362402277 5.691429063747754 0.08955299869555434 74.023193359375
4395 83.87429093714573 -5.268412999476162 8.291582557474545 0.06412944996285704 206.27523803710938
4395 83.85295087727897 -5.277956163173115 7.322243425345422 0.23261934034804665 23.6912841796875
4395 83.8499210662587 -5.419395406494769 2.328305661163017 0.06823452022270915 19.96065902709961
4395 83.81174930723638 -5.401835970358972 0.59929129051787 0.0588618015844241 14.188941955566406
4396 83.78342571280876 -5.545571461922744 9.275102000433069 0.13395793332703088 129.343017578125
4396 83.72575605401863 -5.481663940621216 7.607729730167274 0.05576062722005819 359.6822814941406
4396 83.88081609969555 -5.471110283570246 5.879153336469654 0.11030861680653882 82.5829086303711
4396 83.84711476634061 -5.469446599173423 4.774421992623472 0.020715902173904798 537.9236450195312
4396 83.78581156477159 -5.438712442579937 3.277335215261797 0.07431293151871889 37.571258544921875
4396 83.85366740021557 -5.419444929550767 2.547266352429803 0.03878390561593129 62.98556900024414
4396 83.81170898986069 -5.4018349276423985 0.5864941528789149 0.045328494912884765 17.40873146057129
4396 83.78429170844892 -5.400852783833197 2.088855719119028 0.026510406750474162 111.17755126953125
4396 83.79776365581027 -5.397725187220693 1.265114569948423 0.03470625791293599 53.11187744140625
4396 83.88015443425812 -5.394391961239896 3.666913110067493 0.023582986901024398 325.2201843261719
4396 83.84851042286898 -5.392155364345501 1.784909822533766 0.008347310049080814 691.7511596679688
4396 83.80539864947548 -5.377487491133733 1.321987755378998 0.03396574678388361 31.81134033203125
4396 83.78028139254194 -5.374009575402649 2.622777717280322 0.014074922996426105 375.9371032714844
4396 83.73720242174576 -5.368397297527008 5.128123297411475 0.07376516778252046 52.244598388671875
4396 83.8050301677892 -5.3479175531495144 2.944296561321436 0.03584668049336703 60.184226989746094
4396 83.79241393208095 -5.339114586969588 3.706752603081585 0.06520436709911819 26.405664443969727
4396 83.86041896625818 -5.321862156191332 5.046773534003155 0.10979908607300966 49.535308837890625
4396 83.74174662482915 -5.293765551604542 7.622246929420521 0.07816164332788891 125.8489761352539
4396 83.88027454586718 -5.371043829827197 3.946071918683833 0.19211412551301 13.759687423706055
4396 83.84988776865573 -5.419378138542391 2.36359876537351 0.043229912040904636 43.15319061279297
4396 83.84202361906611 -5.409066089930289 1.623916550943444 0.06461375579296709 22.13163948059082
4396 83.74074021407299 -5.380850041895004 4.738308760431156 0.04182958477271538 126.96326446533203
4396 83.80593800665437 -5.35196108012292 2.696228909307069 0.022820840106800373 125.72334289550781
4396 83.80568443013716 -5.347570961700105 2.953689768170616 0.042653194552065204 30.418994903564453
4396 83.83040246032566 -5.335455963176361 3.642157835394196 0.0219222547394143 228.6757049560547
4396 83.85527377905694 -5.259803303091898 8.4023442679104 0.4305235833369523 9.466497421264648
4396 83.78455337604572 -5.409657447010663 2.224063136819722 0.05050300602720313 33.78166580200195
4396 83.7738507780388 -5.405102506693163 2.750276773250397 0.04698386165799978 53.264530181884766
4396 83.78635363059584 -5.382363871199994 2.08052321874963 0.023221868719140348 119.17450714111328
4396 83.77311634056444 -5.322499669300068 5.13649911336643 0.13440103457800248 16.476579666137695
4396 83.82737685341694 -5.4401863244016955 2.756908070377616 0.08932067842183933 12.812582015991211
4396 83.76872741873099 -5.399009758537987 2.998748583273561 0.033141038835790955 119.86640167236328
4396 83.80547266676058 -5.398006723692579 0.8140029785462675 0.041915413801824536 18.358440399169922
4396 83.81692216359788 -5.343351878712486 3.103473837707616 0.016226974459479473 273.7853698730469
4396 83.84384802031717 -5.330839803421991 4.133260585461694 0.07686388948222646 44.871185302734375
4396 83.8769954998284 -5.406356881062339 3.543594153739632 0.016553013931470604 482.3014221191406
4396 83.85594034838385 -5.392520344443878 2.225454018567294 0.08812853594899096 14.293885231018066
4396 83.76816470020906 -5.38709904239937 3.060287327247368 0.032693809084161106 153.78970336914062
4396 83.67029269783885 -5.378365062108999 8.925619683767444 0.10396188388971436 150.38858032226562
4396 83.84720532562163 -5.357013822096038 2.844591993681564 0.02778550213235381 106.36729431152344
4396 83.8336926266508 -5.333004748787223 3.82757903740531 0.10201363901149114 15.495165824890137
4396 83.83458817060237 -5.332681415667014 3.859196870610368 0.0898994807621037 20.13910675048828
4396 83.88227403691927 -5.35569813824864 4.468023340906402 0.10958846546722696 37.539306640625
4396 83.76459225597333 -5.346269451112279 4.363334818053234 0.1871331640018333 13.424933433532715
4396 83.86034039265684 -5.395782617509867 2.483520855945469 0.034796955652412795 82.11577606201172
4396 83.82452618138471 -5.309716890425315 5.131139624721902 0.02911090796435502 314.3388671875
4396 83.82054150035184 -5.5461754564599675 9.068522904897252 0.16202175351047043 93.76834869384766
4396 83.83980210205571 -5.351510063264447 2.898449172009999 0.05247580338536595 31.6878604888916
4396 83.74813903419468 -5.400016829697618 4.229653487256528 0.11013546721305834 22.65888214111328
4396 83.81517131835052 -5.302493089834663 5.557197476257401 0.2071692107311231 8.494311332702637
4396 83.77706432311106 -5.289526887594626 6.803625946055573 0.1263129448196134 48.93837356567383
4396 83.76954816919493 -5.409949172053432 3.073243867366179 0.022814715657812464 289.5817565917969
4396 83.82636427854536 -5.401303401134657 0.588901201272065 0.02386737157138702 39.79582214355469
4396 83.79884782731148 -5.392632171844831 1.198848852905666 0.06301582657242781 8.358846664428711
4396 83.8671766223994 -5.385094763405948 2.952481131843494 0.05819896181654921 40.29262161254883
4396 83.77569744162633 -5.370078940952434 2.977249940078612 0.02406986788493906 203.0054168701172
4396 83.80650402355603 -5.295973834929554 5.989191247155092 0.056630823709900996 96.24101257324219
4396 83.70322171560316 -5.318774410952767 8.281786500478692 0.23009272199696199 38.30305099487305
4396 83.82107770732377 -5.482801221720121 5.267254734409459 0.09543257373436 59.476707458496094
4396 83.81748740280833 -5.415584308463467 1.234819310575284 0.03548038416144754 52.67749786376953
4396 84.08863854663592 -5.337623154585183 16.4851249930814 0.3669922867723248 69.43562316894531
4396 83.83597451289269 -5.379270305245702 1.397057827657882 0.031225043818191956 38.97174072265625
4396 83.99056713779443 -5.386067950462752 10.2763149332931 0.0 18.015676498413086
4396 83.78503244268806 -5.375030926282667 2.345963133960608 0.06672233071138743 27.093778610229492
4396 83.80746255788367 -5.3685709407237985 1.726038141262679 0.010820415488046962 262.0274353027344
4396 83.8166350563513 -5.3526750742442495 2.545316185555603 0.017341914701967193 185.25701904296875
4396 83.84802479186745 -5.315803862689607 5.065396920821247 0.02725360726088418 327.7644958496094
3752 29.515943793995323 37.686994373285614 7.156019723954689 0.2644170873305153 28.561141967773438
4472 290.7041908957281 -54.469173445027465 2.245028328506483 0.09629899073859557 28.22467803955078
4497 51.269804017647836 30.64944922082576 8.926119073584012 0.4771275626463178 22.858755111694336
5381 67.9006504990799 18.2286170930872 5.777986831238165 0.24137510059639558 23.464035034179688
6396 165.64477360691117 -77.64467439000134 7.429790298317194 0.6841380776031433 12.757120132446289
6436 52.3928279236415 31.295377048887367 7.379145263188993 0.11831812936631031 164.1039581298828
6436 52.37189725428116 31.309640216076936 6.042107147499258 0.06937114731079141 276.33355712890625
6436 52.243397384583915 31.371469750395807 1.640253075074304 0.057615821220535525 38.5811767578125
6436 52.34038619606321 31.260094700352273 6.693779918688032 0.5327106633881802 8.250529289245605
6436 52.27419055478918 31.277375643159335 4.431292628492416 0.11416848591356084 82.09803009033203
6436 52.22756518355393 31.280765323679347 4.600973063406162 0.1719498444945265 37.23551559448242
7417 86.77564611892029 0.34231865822795543 1.35069245847635 0.06973857224576294 39.71575164794922
8584 55.99867461126236 32.03172023940095 4.755052041386048 0.11189231811556649 74.15191650390625
8584 56.102488327512674 32.065871140411275 3.027048623901668 0.033135048895240785 208.7205352783203
8584 56.11267786020347 32.07880017329382 3.133437522942204 0.016249472987554504 678.5279541015625
8584 56.18638541509024 32.06737360968929 6.925222038268949 0.02064960250515333 1192.6990966796875
8584 56.16339239623631 32.16250165344569 6.850854048849298 0.150165501404248 61.5442008972168
8584 56.172076559312856 32.17380301791098 7.61141900187366 0.41770802677278374 17.016586303710938
8584 56.017202588873005 32.12137997087316 2.442542703167192 0.04851604162522588 77.77239227294922
8936 83.77400479679685 -5.565561448836721 5.235413003732185 0.06359605308055084 245.24391174316406
11011 66.84896272045762 26.006736435204 7.339821535171418 0.4583146904319393 6.93010950088501
11011 66.7228862210992 26.115065756221668 2.50253924110376 0.02719170690392615 193.05996704101562
12336 66.16477028569686 26.794219672801354 3.785995993450371 0.22729130585975402 12.981430053710938
12355 83.94723896906122 -6.486308675242241 13.78211200155668 0.4437947536262541 51.85324478149414
12391 83.9794876529964 -6.851565372014769 8.39212870734264 0.7769244416200388 10.287912368774414
12392 92.70067076518636 -6.190421414295687 0.9155883032604205 0.06515304527559196 20.710477828979492
12392 92.62773176589289 -6.093864470856939 8.149426651574721 0.18665014464831314 75.24034118652344
12392 92.75496061724726 -6.238255326923978 3.412057566611644 0.03881992615488881 178.09295654296875
12392 92.83224524842328 -6.202621382589832 7.183636771418636 0.6639822428640589 8.652531623840332
13650 289.25004775129634 -16.06272346357941 3.328656560463506 0.11711911264666466 24.440757751464844
14436 289.1857060673312 -16.13822951392736 3.623425877012752 0.21009663554572466 8.556451797485352
14444 289.3247320669824 -16.09215351070546 7.571089728445067 0.4427140590637299 20.390058517456055
17251 56.62627086537593 24.085335220958164 3.780897088216159 0.1652153536836012 10.23758602142334
17252 56.5981024422918 24.03061687871242 5.469969424070722 0.16936790483095493 36.43003463745117
17252 56.60604420690998 24.1598264044668 7.516788800904822 0.09033622398753428 211.1034698486328
17735 83.78997093220674 -5.472955683714199 5.336000225860319 0.08701192114454326 99.33053588867188
17735 83.85185449126428 -5.441995748916968 3.5490068525625 0.015300022806536738 765.9227294921875
17735 83.86427657667622 -5.441082414969763 3.920473434420901 0.022313597612268164 635.371337890625
17735 83.80919860282133 -5.436827546130316 2.909666744302231 0.051004828273682086 69.05298614501953
17735 83.78448945364093 -5.409618488695038 2.573688592071761 0.04187217142465035 68.97069549560547
17735 83.82645330699191 -5.4073560012970345 1.043821565308253 0.0814570096693383 10.343632698059082
17735 83.80861946540277 -5.376731820186813 1.182299736099119 0.018989293033522016 117.94564056396484
17735 83.81188172302777 -5.375370095920986 1.114297746354219 0.012414383213912231 248.81692504882812
17735 83.83313372534502 -5.364949635835702 1.638396215892958 0.028357992629107355 87.66631317138672
17735 83.8233184267336 -5.364880899360208 1.525861920154829 0.022780302610155834 120.86572265625
17735 83.85587200390984 -5.364257967284081 2.511523923502902 0.021425139659173743 335.28460693359375
17735 83.83679181844586 -5.353676908948062 2.348060635696487 0.07215447376055488 22.38805389404297
17735 83.8338333903578 -5.221030884175531 10.17745557374858 0.07578779339491146 302.0545959472656
17735 83.93674089987636 -5.409481482211702 6.893022415032759 0.22561410242435742 38.80275344848633
17735 83.8228107743317 -5.3436302243601705 2.800769755494589 0.11983795643496306 6.880227088928223
17735 83.90857970342624 -5.340954983855595 5.909905018700544 0.18640538702459594 45.27310562133789
17735 83.86031660138478 -5.298951863886542 5.918256200103921 0.25345841815103165 20.182147979736328
17735 83.7662964460433 -5.484164651467235 6.570231078626771 0.08696038793708709 127.0556411743164
17735 83.86454483076766 -5.457081740146854 4.713767742399962 0.10587452836143078 50.541255950927734
17735 83.77454430958426 -5.452459755409684 4.719116431829839 0.0980995365815315 73.37725067138672
17735 83.85045808104319 -5.36535808294854 2.222346102843017 0.09010552628280305 19.24509048461914
17735 83.8045424880285 -5.353642404293397 2.459872436443947 0.06663022867702251 38.84061050415039
17735 83.82623675948068 -5.5282188344659975 8.276871258580538 0.14865777640172884 99.51758575439453
17735 83.80903575454477 -5.4390036351922815 3.037784278911849 0.12579719392744695 10.83777141571045
17735 83.88236659569269 -5.492679335646174 7.093362297397084 0.16891298547223002 60.31058120727539
17735 83.85982528855395 -5.330799175590235 4.195035485652406 0.19360971764208604 20.237075805664062
17735 83.82471836492127 -5.422478911845746 1.933011277494069 0.058712472878774465 31.81356430053711
17735 83.81200550774848 -5.373677991143469 1.193416160441112 0.018417015680939786 117.99342346191406
17735 83.82974036607202 -5.355031940525798 2.155019612114936 0.04989586717352887 31.398651123046875
17735 83.82890637787197 -5.34778000807491 2.576346115322953 0.07633388362059122 24.220346450805664
17735 83.79887819960067 -5.392619317124234 1.44537195581084 0.10864885352475892 7.948589324951172
17735 83.8600745077791 -5.269975867379347 7.552742713257644 0.31381471714259007 15.820352554321289
17735 83.92690622567608 -5.459077035083765 7.454634886204468 0.1259375990746741 110.60411071777344
17735 83.82999572347414 -5.380679054094816 0.7143892861010406 0.013660086471775202 278.0431213378906
17735 83.89678759338213 -5.3571791840901914 4.837296300072555 0.08515380017389201 140.0906524658203
17735 83.83185217835815 -5.407309024763835 1.149900663390367 0.025132654573557213 127.16881561279297
17735 83.80737387477653 -5.323665910002483 4.105629512494255 0.19750607435815787 11.519126892089844
18926 81.28140512220332 1.5734904575372828 0.1536918233522602 0.021991523190883346 252.59190368652344
18927 83.87398106077137 -4.997347956823227 0.2244992878987654 0.13006678604469318 11.87867259979248
18927 83.89168329666171 -4.903170507103011 5.837277451666947 0.18151218888773774 42.52145767211914
18927 83.76989467346294 -4.87882503692644 9.665032173429326 0.6574498139117334 14.105451583862305
20882 83.91043234168086 -4.994811493397779 1.989121189111706 0.03142632021196389 227.3861541748047
20882 83.86747829018067 -4.977167349206278 1.443429374631733 0.04631827298510574 87.4649429321289
20882 83.86739555181445 -5.0614501951445225 3.789626799731899 0.10398863400611703 41.68015670776367
20882 83.85128808869162 -5.022413655616313 2.09781315597648 0.0875788723585957 32.06354904174805
19709 285.39105911207696 -36.962596928975906 3.339365341644564 0.0399565914584705 292.24853515625
19709 285.4183730431444 -36.86185071793224 6.326645046279602 0.10310855400823879 125.5309066772461
955 6.026701184685439 -72.07859398672593 1.027647862779551 0.03729963240647359 62.330989837646484
7453 137.8455705969012 -64.90524186913623 4.65913359716628 0.34741013450186065 10.021321296691895
7460 265.22240744572235 -53.72771105351117 3.183591591921643 0.08006759666061902 34.38195037841797
7461 265.15619951068004 -53.696505237101185 1.575880945395213 0.06638440370966946 25.525922775268555
11024 262.6070134935548 -67.16017085811285 9.879912620754514 0.45112590416962794 27.204280853271484
20122 287.7142800318891 -59.984778239898304 0.2099033748180665 0.03209638916343759 102.51905822753906
2735 6.093815365830667 -72.07330536737834 0.781276106335632 0.09192912946260529 7.060482501983643
2735 6.004075978121369 -72.08148064666916 1.294015277744359 0.01038455862922114 511.713623046875
2736 6.044181529897609 -72.09145857546343 0.6434329183312555 0.07898673857221736 8.850432395935059
2736 6.004059211895325 -72.08149492043883 1.267571972940766 0.013525539931126021 286.6405334472656
2737 6.004099748027287 -72.08148636696356 1.277940016344859 0.013095920957229504 331.6683654785156
2737 6.046226022301075 -72.0789182250423 0.6165218665306067 0.05368918826756105 29.22388458251953
2737 6.014530780644804 -72.08483526962539 1.064156234691555 0.014602440437779373 268.4051513671875
2738 6.004044612052963 -72.08147858782534 1.252740748811235 0.009584236278388494 548.2894897460938
2738 6.0266380916004545 -72.07864428037672 0.9471958806628634 0.01637321169296305 209.3666534423828
14664 17.45063891692039 -72.67266394891594 6.919609899525527 0.49373926406314556 9.434571266174316
14668 13.62148985618616 -72.51860143643718 8.374198508122905 0.2061931619633209 74.56168365478516
15501 13.716269300586601 -72.64021791855228 6.824353889673632 0.5446438966524706 13.41203784942627
15747 6.026600414059274 -72.07875768570938 0.6497619969995265 0.027132555759671207 74.7989501953125
16527 6.0663936484499645 -72.07681184921127 1.20016098617172 0.045636811542915996 44.17829895019531
16528 6.026410515822246 -72.07870758882038 0.2792189551289921 0.05584481483695118 22.751953125
777 84.01410930252878 -65.92183533273119 6.087725916349871 0.3932950713877274 15.851197242736816
1967 83.86438184073045 -69.31301216100954 2.537897551376135 0.09551131818196731 14.621045112609863
2758 16.675436248743623 -72.27603990057396 8.585405032644681 0.5906164373414832 3.8966736793518066
3871 62.801809184749494 -31.403953794961986 3.043196244825384 0.1259552273640778 14.642131805419922
4613 35.60978901208967 42.30922234270746 1.170967663955939 0.03747461672874492 72.99937438964844
4613 35.600023484411096 42.254360044331705 4.439704741626682 0.13483685972048148 33.65553665161133
7270 85.07193454724337 -69.32885836265727 0.8797060344225834 0.13535622340982675 10.815876007080078
6683 328.65343861578015 16.902331588523033 2.721711729806909 0.11950638476703916 14.135064125061035
7569 95.22480660868158 -62.38772094147701 4.448650938548533 0.11563830894857266 59.27106857299805
9100 16.443171562603904 -72.04340244470072 3.653400908787032 0.17262400722094437 17.94655990600586
12702 280.46683642794915 -28.535330158045376 1.948824386260903 0.04190045547813662 93.32123565673828
14340 280.4377788373756 -28.594040324772692 4.748589702616169 0.481112512495017 8.781917572021484
16000 24.184014178367534 15.805133025629264 3.292745716466511 0.1770846966128583 18.030746459960938
20074 77.32160865380686 -68.68128506618055 2.999790849627675 0.1754723958644239 11.910409927368164
22442 77.14510861957423 -67.5195332239743 5.340567530625644 0.4273579843903372 11.526541709899902
794 35.688801222494504 42.28550760401783 5.653360570742712 0.1601086295990838 35.983821868896484
794 35.6097575388301 42.3092635765192 2.459603629110174 0.07428697204930501 27.00733757019043
2069 74.2173633110066 -4.8716970995613 2.287013438959767 0.07752788981246837 28.079792022705078
2069 74.26099992404954 -4.710515737846322 8.326042792796123 0.6296974883459648 12.896443367004395
3931 11.879099328138713 -25.307281352379118 1.269194231538156 0.02471161947366601 94.7003173828125
7402 23.666020538259964 30.862294525159296 6.541629989070215 0.36562345476013786 17.047672271728516
7402 23.51201119413474 30.69753029120666 6.704970769177491 0.3952208029355506 12.86568546295166
6383 23.424698924874292 30.64693934840054 7.021260709039951 0.19691115536346776 46.1399040222168
6383 23.198580540177836 30.78630672097484 8.204598095684538 0.48942882462665144 12.29741382598877
7171 23.392202021891684 30.536487469057242 1.388118911149336 0.012784767140358295 814.0323486328125
7171 23.17207898875748 30.538372879823 10.08161626141486 0.9229412576526493 10.521913528442383
6385 23.153791854139957 30.5410729476264 11.13992193325677 0.18217903707670371 110.634033203125
7155 13.620352924129568 -72.51861166070454 6.25725776539309 0.16082902104244762 60.21024703979492
8197 40.130342428888405 39.059335946683106 2.218784094009115 0.1331400860162978 12.459378242492676
8464 40.25571404961497 38.939413724093846 11.02242399290746 0.4147179218053053 12.32902717590332
9525 8.192769848934164 39.70808550369296 7.716141819971734 0.5081313638314231 16.554046630859375
10720 47.48648824931499 -20.574762620366812 2.355746076549535 0.04805928406665705 83.21817779541016
12238 13.753917529402537 -37.57795187994043 4.6665369726621 0.29438608927217474 12.362852096557617
14899 37.67475824701776 29.48553599499759 8.796490136139123 0.3917509965016198 28.634227752685547
15384 287.1875389521393 -63.805073038421504 7.618822016487054 0.3706287700406004 31.161090850830078
16345 55.575938494272236 -47.30657198314974 4.204276542580029 0.07492521507266758 88.79965209960938
17667 113.73099100473033 -69.63890704752866 8.31365724539493 1.1183856995314216 4.719995498657227
17010 11.421215328277505 41.46445898055387 9.011807227497037 0.5268250131498038 18.06414794921875
17011 11.52431058206342 41.71737172807838 6.517529195771504 0.30857030893184045 13.408463478088379
20343 11.823231108062151 -25.303280898490748 3.749011672775092 0.02080119365452974 422.27276611328125
20343 11.823518804724339 -25.307579948910398 3.817779789497453 0.03695317082568798 137.55320739746094
829 69.3089999724185 29.71757804041337 4.068863273917525 0.1758382097633873 10.717150688171387
2968 298.0966905088293 2.5522142025483916 3.678271638007052 0.15684758669425775 15.510734558105469
3012 76.84296916793853 -37.43970024068281 6.456386988591224 0.2693725820612606 26.977272033691406
3419 63.70114272810614 5.51592512094922 4.150298825316614 0.03738538854868948 428.088134765625
3969 100.55145109126398 -74.23612644226122 3.807334265359944 0.10386740943942256 39.35445785522461
4062 76.68677721975321 -31.88658870680426 6.245423899715925 0.11017413189347564 108.77521514892578
4062 76.77817721461076 -31.869820454790272 10.65992871753857 0.3709350165963833 41.93905258178711
6314 32.25501780455681 10.98840119364087 9.801261207633548 0.7594196370047636 12.014577865600586
7878 313.0883203075418 -57.145950752902735 5.217541229515292 0.29698585554150386 13.024312973022461
7878 313.0492256028658 -57.01952516832883 3.231899329916561 0.16175447719157104 22.201658248901367
10234 59.83880638866042 10.474111686732842 7.138327838021123 0.46515786690743083 10.393080711364746
14489 69.51720152405765 -12.271702220884599 2.739099199773347 0.0764711885649503 41.20110321044922
20442 237.5386960406491 -78.14800684743477 2.90047965218455 0.1075891448810243 24.682147979736328
21415 352.4059709632085 -15.29231489651015 2.82772215234902 0.15679210510743583 13.96267032623291
22096 19.786124690556584 -34.19178231860669 0.1993806977379843 0.042544243545668485 108.51840209960938
902 73.70827693909919 -2.9640148882496993 9.286280444514789 0.5105585248488376 20.997385025024414
1667 314.1032017774322 -4.593125403636415 5.452388422940089 0.3734137508627484 9.906383514404297
3184 104.37588714426798 -55.98378038932979 6.503589810079358 0.3182210178630957 17.03316307067871
3202 90.64064556305732 -39.93623957586031 4.560241008709845 0.1322775919019618 28.951183319091797
3202 90.55182076656033 -40.105302179594126 6.90434051918277 0.10110866049905425 167.9066162109375
3242 70.52441792775724 1.9121047478513258 7.227924394500139 1.036467963790375 4.963692665100098
4170 54.19420888462385 -35.108207244710854 8.6547187752183 0.2880596233297887 52.14373016357422
5353 329.1777483809539 -4.8317163775649945 3.373402161675509 0.11746257247565807 26.723567962646484
5353 329.16103408715435 -4.815434386899766 2.320438115766482 0.10295649097556157 13.969606399536133
5353 329.16380258334925 -4.802421299719462 1.529342340190228 0.07014076323112692 27.785167694091797
5353 329.1300048842383 -4.801467221819015 2.55512107339275 0.1609469426719517 8.774772644042969
5353 329.1363682570072 -4.794571030152356 2.009400539904844 0.06181211997641209 27.754358291625977
5353 329.1611649891375 -4.794135962358719 1.055259545782549 0.1013618420877452 12.242781639099121
5353 329.17103995249425 -4.775082627382904 0.3809844630095616 0.09869202210053771 12.880996704101562
5353 329.12392322222166 -4.830244717802266 4.029863497758919 0.255601549777999 6.9471940994262695
5353 329.1912421894006 -4.829679776416209 3.53231012688953 0.21870260160511765 9.64398193359375
5353 329.262768418492 -4.825816734055462 6.541960504422546 0.17120288390142016 58.57801818847656
5353 329.1120114593499 -4.777916257577051 3.165939202272252 0.2421866561968808 8.969482421875
5353 329.1093767724573 -4.738442550567547 4.04759374010453 0.2171266642516003 19.677587509155273
5353 329.0832466563405 -4.718023904714831 6.0309162728529 0.2494808599180393 29.438222885131836
5353 329.1333429676628 -4.703073979824961 4.819154949959351 0.1475842257964775 64.3971176147461
5353 329.15279214905576 -4.694860356453768 4.979237071565139 0.32036464225730654 17.262117385864258
5353 329.2905268515344 -4.869494611557203 9.337760374069447 0.3299332542599773 40.084808349609375
5353 329.10020743566906 -4.706785144976104 5.719699244837078 0.3080793513634356 22.871658325195312
5353 329.1638521731146 -4.674168909191007 6.167697773986367 0.36154245446724037 22.978700637817383
5353 329.27892903321447 -4.97715729152377 13.80997750214558 0.5984799308890221 38.248802185058594
5353 329.17073048913534 -4.895212081896329 7.103648238980961 0.4986698213747466 12.832481384277344
5353 329.14679567885213 -4.865825210174103 5.441411923768792 0.4188100330102115 3.873497486114502
5356 104.76282293021819 -55.916315352496746 4.690399431010136 0.16152925071119442 37.65402603149414
5764 53.31075005069184 -25.000636600324633 3.149381335188549 0.05125282429334384 109.53799438476562
5764 53.158893673690784 -25.06717290680047 7.211627000686031 0.28646863428408204 33.89767074584961
7367 338.83977917351734 -25.988324893846666 2.722264115044328 0.171148756285146 7.508005619049072
7368 338.8397441004476 -25.98831957126473 2.747678351339415 0.20546925459371315 10.670208930969238
7895 350.00417966497423 42.798655026599434 4.835856755173094 0.19231019146072784 28.80242347717285
7924 339.0224067938886 33.89895262989222 5.560620031830205 0.24101632062164252 16.279001235961914
9382 292.92796253354874 -26.59326271837175 1.623277364265402 0.05286718641465735 48.3692626953125
11718 349.7120824779213 0.5669388590241402 4.696536056538728 0.2294697835314116 15.06471061706543
11737 338.08107952952236 39.39714704195689 12.55949904650066 0.9000069135432245 14.959053039550781
11744 355.74445762616574 -55.412487136517235 4.859091185760956 0.09217229148916972 79.22000885009766
12007 52.069864169382456 2.695839661154309 8.805317338971795 0.436278390864298 24.789213180541992
11752 301.86325068275363 -48.30166080904543 5.134788658707338 0.30482759110794494 9.360879898071289
12179 15.6096148789903 -22.162594426653783 7.425184535177072 0.585341737369473 9.736026763916016
12264 90.00442872803535 -52.71504419773976 4.700744609910269 0.2767100330713763 12.066136360168457
12264 90.11118640707272 -52.7221234663525 7.644273636344406 0.5640619992458135 16.23258399963379
13218 329.0199555840565 37.933641779646656 4.123107776589372 0.18162090614006784 19.81111717224121
13218 328.9352674639306 38.021169518938024 2.731496943990305 0.049923875677407616 46.912841796875
13445 15.524483995558105 -22.12825471150584 3.800040792644774 0.12146686508306122 25.493253707885742
13445 15.609352968374255 -22.162613707904452 5.487615275275932 0.22521594761756733 25.140336990356445
13448 16.030084846917944 -21.626534873956764 5.285086082202486 0.11595635499367901 48.606327056884766
13454 15.935693730603868 -21.812706512890927 7.384355051185367 0.32639995393184523 16.7299747467041
13456 15.609565255559803 -22.16257247487922 1.757024263338649 0.05995568527223982 51.084320068359375
13456 15.676214953435746 -22.223970197528278 4.976383731341962 0.13931312848617888 33.43252944946289
13478 311.0875196271525 -50.59842454711629 7.011402482074507 0.2408513803902515 44.12757873535156
13493 9.417022119184928 -50.809572830419235 4.235661051693977 0.2527474376722895 8.43392562866211
13989 49.21016973234148 42.37840247678241 5.087444223493812 0.38273792003098195 10.165301322937012
13990 49.399323461630836 42.27818413988072 5.428644461206052 0.12861727090142672 56.97114562988281
13991 49.32291373857621 42.215213686296174 7.267792570132108 0.2891950652341277 30.450971603393555
14361 351.73925096659707 -2.120085354569878 7.885173571873738 0.3833648366811431 13.723236083984375
14347 16.03707547958972 -22.266424475589755 7.098178858487303 0.0774652044519802 222.70262145996094
15093 11.047428415283038 -20.542640329889426 0.7808271617714851 0.0847517539042436 14.857664108276367
15113 45.268361416593024 -77.88092172934407 6.610756587647111 0.6491172130284858 7.617845058441162
15113 45.78805627036417 -77.74335895338677 9.30459803466462 0.7309116694166318 10.54832649230957
16230 328.58780957439217 -0.8099426934967943 4.168604484618867 0.2543432805927367 12.033071517944336
17198 29.15659635741247 5.550017124747768 4.556660181056992 0.13832041182304503 39.28874588012695
17202 302.5084180358387 -56.38497346023198 4.179173272269336 0.1751318717650525 20.987703323364258
17203 302.42304516283974 -56.47472481670903 4.287067916648232 0.07018727909362968 86.35528564453125
19565 50.59533640699083 41.67474589660362 4.759501603155885 0.20201751824023195 26.652881622314453
20635 356.26458918615276 -42.64493274396772 3.144367640676147 0.06971504260865254 61.822425842285156
22123 359.73502742387905 -60.53893117847667 5.667969603161125 0.5234794853884822 5.73319149017334
20633 331.5889732571856 9.1161881695146 3.53599069575834 0.12128887555463469 24.268783569335938
20851 50.9281855467406 24.346047360157332 4.593350454722767 0.18756026021257313 7.636998653411865
21549 346.8172619788118 -51.32608577777573 5.893473805972456 0.3488859387707644 12.362960815429688
2312 53.17510600574138 -27.95067224760876 8.928002149129382 0.3438017412384165 22.22372055053711
5885 318.12659932619124 -63.498980265363635 3.672088050535557 0.2106421106175894 8.786419868469238
8035 334.44659432775154 0.2799970002657671 3.063363586575004 0.097996894548234 29.112524032592773
8036 334.37741526022836 0.15239682612066366 6.702030902706711 0.33050077192226646 20.772653579711914
9575 53.17516875288684 -27.950564237226416 8.917426229492694 0.478921445837282 10.976614952087402
15193 352.7475017814355 39.3708628505173 8.298409906024325 0.5613017108135707 8.972217559814453
16177 53.17537871277871 -27.950470868735184 8.971118651855642 0.34545704675597155 33.50204849243164
16450 53.175454341551365 -27.95053468246654 8.933135523444438 0.39899349705807513 23.35304832458496
16453 53.07676215957398 -27.87361180501693 4.281364764308791 0.11996669903160279 45.725914001464844
16454 53.16163226003447 -27.859486846350006 3.73687845469961 0.08609971438542988 47.09370422363281
16455 53.17522612110254 -27.950179999840685 9.05275770137473 0.5671152776143734 12.248106956481934
17677 53.20669312914344 -27.91514546670629 7.874308586797645 0.47038357583408724 24.298931121826172
16202 84.89846380879817 -69.07731159799346 4.778734269118167 0.2388079527175273 10.93106460571289
16446 84.89849479531958 -69.07724574783076 5.124119595960456 0.37100681949631226 10.762876510620117
17293 34.4172034040253 -5.305392385792387 7.575579426874361 0.41320353676828164 8.736342430114746
17294 34.48189636528958 -5.33807123105606 7.135935272564017 0.45956199529110797 19.165699005126953
17298 34.254346284201574 -5.085744040815259 5.663749934456503 0.24482135031371222 25.632980346679688
17305 34.48305594176635 -5.091148358017805 0.8881080885582661 0.11215873551370434 12.254401206970215
